map size - [17, 27]
quantization error - 0.0324233425593
topographic error - 0.0025
topographic error and quantization error average - 0.0174616712797
density - 4.35729847495
HIT map - 
4 12 8 9 14 9 10 13 10 18 13 14 10 11 14 15 15 13 19 10 17 13 13 12 10 12 7 
8 0 1 0 0 0 0 0 0 0 0 0 0 0 0 0 0 0 0 0 0 0 0 3 3 2 6 
12 0 0 0 0 0 0 0 0 0 0 0 0 0 0 0 0 0 0 0 0 0 0 0 0 5 10 
0 0 6 9 8 9 11 12 7 11 13 11 8 14 12 15 10 15 9 13 10 7 7 0 0 2 16 
4 7 11 2 7 1 0 0 0 0 0 0 0 0 0 0 0 0 0 0 1 6 9 10 0 0 10 
13 4 1 0 0 0 0 0 0 0 0 0 0 0 0 0 0 0 0 0 0 0 3 7 0 0 11 
11 2 0 0 0 9 9 8 9 10 6 12 11 9 8 10 10 10 10 11 0 0 7 7 0 0 14 
5 5 0 2 8 6 4 1 0 0 0 0 0 0 0 4 2 0 0 0 9 0 0 10 0 0 9 
14 1 0 6 6 0 0 0 0 4 3 3 5 0 0 0 0 0 3 9 0 0 3 10 0 0 16 
13 0 0 9 5 0 0 9 4 1 0 0 0 0 0 0 0 1 10 0 0 0 9 8 0 0 7 
13 0 0 6 6 0 0 0 5 7 7 9 11 11 10 9 9 0 0 0 5 15 5 0 0 6 11 
9 2 0 6 4 4 0 0 0 0 0 0 0 0 0 0 0 6 11 6 6 2 0 0 11 7 3 
9 7 0 0 8 13 2 2 2 0 0 0 0 0 0 0 0 0 0 0 0 0 0 3 10 1 0 
3 10 0 0 0 6 11 13 7 10 14 8 14 12 13 16 11 16 6 19 8 7 6 11 0 0 4 
7 3 3 0 0 0 0 0 0 0 0 0 0 0 0 0 0 0 0 0 0 0 0 0 0 0 19 
5 3 8 8 3 0 0 0 0 0 0 0 0 0 0 0 0 0 0 0 0 0 1 3 4 3 8 
7 5 8 6 12 8 20 9 18 13 13 7 16 9 12 13 8 15 11 12 13 13 10 10 12 8 6 

