1.868268 1.774231 1.639263 1.462301 1.312941 1.221633 1.131138 1.016836 0.799726 0.646387 0.597655 0.558407 0.52966 0.517044 0.514303 0.517309 
1.869411 1.760024 1.607762 1.430195 1.287078 1.185308 1.068319 0.93219 0.740268 0.610217 0.560195 0.521298 0.491993 0.459457 0.425252 0.414012 
1.91019 1.771583 1.580361 1.391258 1.235534 1.110905 0.972944 0.834294 0.677704 0.571457 0.515559 0.469683 0.406599 0.236858 0.068991 0.013929 
1.923953 1.801886 1.598847 1.37242 1.151655 0.992649 0.858655 0.74072 0.618339 0.532714 0.476701 0.398041 0.172683 -0.187792 -0.354386 -0.409111 
1.826622 1.724388 1.569525 1.385133 1.086086 0.871114 0.756081 0.665906 0.572516 0.497851 0.432747 0.240506 -0.166414 -0.380586 -0.470118 -0.519356 
1.679488 1.597323 1.4651 1.322862 1.085968 0.812659 0.691845 0.615347 0.539206 0.468256 0.361964 0.007939 -0.327678 -0.425013 -0.497107 -0.548999 
1.548397 1.469275 1.339755 1.194193 1.013664 0.803353 0.649036 0.565282 0.499258 0.416427 0.185346 -0.222063 -0.392294 -0.451385 -0.514383 -0.563709 
1.422925 1.32754 1.184264 1.015976 0.86054 0.74012 0.628864 0.525114 0.421765 0.211604 -0.162633 -0.375876 -0.439064 -0.483914 -0.538231 -0.579992 
1.24311 1.133932 0.986941 0.841634 0.736772 0.662906 0.600361 0.490809 0.162547 -0.192262 -0.37309 -0.441765 -0.485948 -0.526958 -0.568649 -0.596081 
0.925371 0.878242 0.800635 0.714901 0.648712 0.595606 0.545239 0.399808 -0.169562 -0.390265 -0.444788 -0.495855 -0.549555 -0.597405 -0.638733 -0.653562 
0.695484 0.686306 0.654552 0.610071 0.570911 0.526755 0.462428 0.234409 -0.306426 -0.448226 -0.499009 -0.564615 -0.631362 -0.701944 -0.781931 -0.85056 
0.63193 0.610101 0.567038 0.529334 0.501379 0.438272 0.251807 -0.123151 -0.39094 -0.484299 -0.560424 -0.646383 -0.746492 -0.861246 -0.986012 -1.107486 
0.612417 0.577532 0.519368 0.472838 0.41614 0.212737 -0.14578 -0.364717 -0.444836 -0.510632 -0.619514 -0.761581 -0.915467 -1.047845 -1.166224 -1.258963 
0.608639 0.564899 0.495434 0.42283 0.223107 -0.172741 -0.37357 -0.443663 -0.496153 -0.562828 -0.679722 -0.914531 -1.10791 -1.231756 -1.338946 -1.414865 
0.595515 0.550901 0.475677 0.345456 -0.043347 -0.352537 -0.443151 -0.500261 -0.567757 -0.658313 -0.774525 -1.018393 -1.284611 -1.423707 -1.544227 -1.629431 
0.554357 0.518903 0.432488 0.159508 -0.255398 -0.41047 -0.483034 -0.559263 -0.661532 -0.794099 -0.909503 -1.093676 -1.40459 -1.571887 -1.702398 -1.789332 
0.456406 0.416471 0.244419 -0.165823 -0.384192 -0.456495 -0.531975 -0.624712 -0.775424 -0.937625 -1.062104 -1.231799 -1.466762 -1.653054 -1.798255 -1.879119 
0.068787 -0.003615 -0.210825 -0.397883 -0.458776 -0.508247 -0.572506 -0.666348 -0.868711 -1.066683 -1.210024 -1.363882 -1.524206 -1.681594 -1.830246 -1.91588 
-0.398161 -0.417148 -0.462813 -0.49699 -0.51435 -0.546646 -0.590499 -0.684566 -0.954521 -1.200623 -1.339631 -1.458 -1.579502 -1.70971 -1.835642 -1.919976 
-0.531479 -0.528285 -0.535971 -0.550444 -0.555922 -0.572548 -0.60426 -0.717878 -1.062641 -1.302851 -1.416372 -1.506772 -1.604165 -1.7215 -1.842528 -1.926508 
