0.55783 0.572594 0.574622 0.557369 0.550624 0.57376 0.610022 0.672523 0.908939 1.139634 1.251907 1.370737 1.501005 1.64008 1.774102 1.857605 
0.452069 0.485885 0.499141 0.4934 0.500243 0.531851 0.581314 0.6529 0.837165 1.035928 1.174114 1.314531 1.457843 1.624699 1.78083 1.864902 
0.020279 0.172501 0.32716 0.406353 0.446942 0.485178 0.544465 0.626679 0.767355 0.911439 1.05021 1.214998 1.389617 1.622461 1.811925 1.892798 
-0.406105 -0.285467 -0.056104 0.200149 0.380884 0.450449 0.506602 0.582402 0.698237 0.811087 0.924747 1.094943 1.351229 1.660304 1.835037 1.909332 
-0.519385 -0.465847 -0.363685 -0.169082 0.208532 0.409457 0.471556 0.528722 0.617462 0.716962 0.815585 1.00786 1.342344 1.594657 1.768545 1.860204 
-0.550904 -0.507348 -0.440344 -0.360304 -0.105483 0.29066 0.432164 0.486941 0.549987 0.631576 0.732654 0.967861 1.245183 1.43287 1.609698 1.723917 
-0.566443 -0.524783 -0.46453 -0.41616 -0.333489 -0.041024 0.298464 0.43249 0.495652 0.563197 0.684947 0.907624 1.08943 1.247164 1.402503 1.502552 
-0.583599 -0.548197 -0.501034 -0.457375 -0.418033 -0.341503 -0.104931 0.251703 0.438265 0.526457 0.650239 0.794204 0.923943 1.071457 1.228013 1.317409 
-0.629793 -0.597269 -0.560211 -0.512078 -0.462488 -0.420999 -0.353491 -0.09252 0.355243 0.520594 0.602617 0.690899 0.782713 0.898275 1.053768 1.165628 
-0.819768 -0.739571 -0.659603 -0.58555 -0.517116 -0.465134 -0.423109 -0.265945 0.307652 0.49389 0.551087 0.615888 0.677166 0.742894 0.843563 0.953974 
-1.057639 -0.951369 -0.810623 -0.690643 -0.597051 -0.527022 -0.473821 -0.31968 0.218924 0.433314 0.498285 0.551996 0.602454 0.646275 0.69406 0.743733 
-1.234046 -1.146066 -0.987758 -0.829867 -0.702516 -0.603806 -0.529741 -0.41679 -0.132921 0.222732 0.420477 0.492158 0.537143 0.5796 0.614608 0.632167 
-1.412157 -1.337145 -1.187819 -1.012531 -0.847134 -0.688026 -0.576448 -0.4926 -0.398855 -0.185718 0.201083 0.419527 0.482023 0.525847 0.571664 0.600931 
-1.583647 -1.506259 -1.372684 -1.205958 -0.996722 -0.767815 -0.639857 -0.550962 -0.479005 -0.396473 -0.160734 0.269173 0.435876 0.485315 0.538765 0.583256 
-1.752108 -1.671843 -1.533435 -1.352084 -1.052955 -0.829907 -0.71178 -0.613643 -0.531352 -0.462903 -0.358351 0.026381 0.376095 0.449329 0.499743 0.549096 
-1.879286 -1.809832 -1.660541 -1.41091 -1.096826 -0.919021 -0.788626 -0.674012 -0.579745 -0.502111 -0.436827 -0.234563 0.208266 0.3849 0.455498 0.500563 
-1.945389 -1.884299 -1.702922 -1.38486 -1.182926 -1.048272 -0.906025 -0.76311 -0.630285 -0.5363 -0.479042 -0.39963 -0.180781 0.114566 0.321494 0.4073 
-1.963237 -1.880612 -1.656663 -1.408582 -1.267433 -1.149498 -1.022568 -0.873532 -0.687849 -0.567603 -0.508802 -0.463379 -0.409698 -0.300374 -0.104614 0.045588 
-1.952417 -1.852836 -1.659777 -1.47669 -1.332203 -1.208389 -1.097041 -0.951864 -0.728674 -0.596653 -0.55044 -0.522724 -0.500682 -0.473575 -0.423075 -0.367454 
-1.947406 -1.851499 -1.679694 -1.521052 -1.372968 -1.244984 -1.149383 -0.994474 -0.731898 -0.616137 -0.584808 -0.568141 -0.555045 -0.539167 -0.513133 -0.486596 
