-0.028237 -0.11486 -0.201484 -0.288107 -0.374731 -0.461354 -0.547978 -0.634602 -0.721225 -0.807849 -0.894472 -0.981096 -1.067719 -1.154343 -1.240966 -1.32759 -1.414214 
0.0519 -0.034724 -0.121348 -0.207971 -0.294595 -0.381218 -0.467842 -0.554465 -0.641089 -0.727713 -0.814336 -0.90096 -0.987583 -1.074207 -1.16083 -1.247454 -1.334077 
0.132036 0.045412 -0.041211 -0.127835 -0.214459 -0.301082 -0.387706 -0.474329 -0.560953 -0.647576 -0.7342 -0.820824 -0.907447 -0.994071 -1.080694 -1.167318 -1.253941 
0.212172 0.125548 0.038925 -0.047699 -0.134322 -0.220946 -0.30757 -0.394193 -0.480817 -0.56744 -0.654064 -0.740687 -0.827311 -0.913935 -1.000558 -1.087182 -1.173805 
0.292308 0.205684 0.119061 0.032437 -0.054186 -0.14081 -0.227433 -0.314057 -0.400681 -0.487304 -0.573928 -0.660551 -0.747175 -0.833798 -0.920422 -1.007046 -1.093669 
0.372444 0.28582 0.199197 0.112573 0.02595 -0.060674 -0.147297 -0.233921 -0.320544 -0.407168 -0.493792 -0.580415 -0.667039 -0.753662 -0.840286 -0.926909 -1.013533 
0.45258 0.365957 0.279333 0.192709 0.106086 0.019462 -0.067161 -0.153785 -0.240408 -0.327032 -0.413655 -0.500279 -0.586903 -0.673526 -0.76015 -0.846773 -0.933397 
0.532716 0.446093 0.359469 0.272846 0.186222 0.099598 0.012975 -0.073649 -0.160272 -0.246896 -0.333519 -0.420143 -0.506766 -0.59339 -0.680014 -0.766637 -0.853261 
0.612852 0.526229 0.439605 0.352982 0.266358 0.179735 0.093111 0.006487 -0.080136 -0.16676 -0.253383 -0.340007 -0.42663 -0.513254 -0.599877 -0.686501 -0.773125 
0.692988 0.606365 0.519741 0.433118 0.346494 0.259871 0.173247 0.086624 0.0 -0.086624 -0.173247 -0.259871 -0.346494 -0.433118 -0.519741 -0.606365 -0.692988 
0.773125 0.686501 0.599877 0.513254 0.42663 0.340007 0.253383 0.16676 0.080136 -0.006487 -0.093111 -0.179735 -0.266358 -0.352982 -0.439605 -0.526229 -0.612852 
0.853261 0.766637 0.680014 0.59339 0.506766 0.420143 0.333519 0.246896 0.160272 0.073649 -0.012975 -0.099598 -0.186222 -0.272846 -0.359469 -0.446093 -0.532716 
0.933397 0.846773 0.76015 0.673526 0.586903 0.500279 0.413655 0.327032 0.240408 0.153785 0.067161 -0.019462 -0.106086 -0.192709 -0.279333 -0.365957 -0.45258 
1.013533 0.926909 0.840286 0.753662 0.667039 0.580415 0.493792 0.407168 0.320544 0.233921 0.147297 0.060674 -0.02595 -0.112573 -0.199197 -0.28582 -0.372444 
1.093669 1.007046 0.920422 0.833798 0.747175 0.660551 0.573928 0.487304 0.400681 0.314057 0.227433 0.14081 0.054186 -0.032437 -0.119061 -0.205684 -0.292308 
1.173805 1.087182 1.000558 0.913935 0.827311 0.740687 0.654064 0.56744 0.480817 0.394193 0.30757 0.220946 0.134322 0.047699 -0.038925 -0.125548 -0.212172 
1.253941 1.167318 1.080694 0.994071 0.907447 0.820824 0.7342 0.647576 0.560953 0.474329 0.387706 0.301082 0.214459 0.127835 0.041211 -0.045412 -0.132036 
1.334077 1.247454 1.16083 1.074207 0.987583 0.90096 0.814336 0.727713 0.641089 0.554465 0.467842 0.381218 0.294595 0.207971 0.121348 0.034724 -0.0519 
1.414214 1.32759 1.240966 1.154343 1.067719 0.981096 0.894472 0.807849 0.721225 0.634602 0.547978 0.461354 0.374731 0.288107 0.201484 0.11486 0.028237 
