1.595346 1.498395 1.373673 1.272064 1.145135 0.98475 0.816762 0.620788 0.394543 0.207728 0.039584 -0.143241 -0.324602 -0.54349 -0.817963 -1.090872 -1.35059 -1.518843 
1.617932 1.526377 1.40245 1.291149 1.14402 0.962793 0.777125 0.561949 0.349157 0.176077 0.013718 -0.150713 -0.322122 -0.551806 -0.847052 -1.113483 -1.363524 -1.525049 
1.643478 1.557296 1.439343 1.322834 1.145104 0.908994 0.694173 0.463271 0.260098 0.107468 -0.040831 -0.199858 -0.372914 -0.608917 -0.894156 -1.140198 -1.379916 -1.532889 
1.676578 1.591357 1.479768 1.353589 1.071612 0.679472 0.43722 0.235349 0.081222 -0.029181 -0.159818 -0.318414 -0.482202 -0.683526 -0.905334 -1.140947 -1.400328 -1.55515 
1.712958 1.629062 1.515665 1.319561 0.746721 0.359408 0.224566 0.105355 0.002874 -0.09116 -0.217551 -0.355917 -0.495006 -0.671133 -0.870581 -1.112611 -1.388694 -1.552168 
1.736135 1.659167 1.527379 1.142505 0.470329 0.266022 0.17539 0.072959 -0.020828 -0.115111 -0.232151 -0.347346 -0.471266 -0.63339 -0.822794 -1.05531 -1.305241 -1.476441 
1.731876 1.664474 1.495301 0.913708 0.371136 0.232117 0.144391 0.05611 -0.032018 -0.125824 -0.227536 -0.329822 -0.454038 -0.607996 -0.786743 -0.999434 -1.201458 -1.356963 
1.700915 1.643394 1.435721 0.721365 0.313769 0.201757 0.120578 0.052164 -0.02787 -0.123196 -0.220789 -0.326985 -0.45843 -0.61363 -0.803517 -1.013019 -1.180498 -1.307421 
1.641435 1.590713 1.387692 0.642056 0.274084 0.172227 0.097424 0.036667 -0.039243 -0.162781 -0.299285 -0.441748 -0.60773 -0.791616 -1.021011 -1.208892 -1.322808 -1.404524 
1.564329 1.517355 1.329814 0.621978 0.249335 0.148995 0.069848 -0.003421 -0.098785 -0.260865 -0.417108 -0.567305 -0.737936 -0.907698 -1.105008 -1.26831 -1.384312 -1.47268 
1.480551 1.430389 1.258389 0.642777 0.238932 0.129935 0.042035 -0.049915 -0.160573 -0.307742 -0.449014 -0.600358 -0.761648 -0.924287 -1.106585 -1.280204 -1.436339 -1.54144 
1.39946 1.340471 1.199501 0.708098 0.240841 0.109238 0.015361 -0.088311 -0.20574 -0.33089 -0.464548 -0.620424 -0.763677 -0.918687 -1.094668 -1.295329 -1.506732 -1.623213 
1.312578 1.242609 1.118369 0.759462 0.28524 0.106081 -0.002159 -0.115495 -0.232928 -0.341761 -0.467502 -0.619282 -0.749308 -0.897426 -1.074884 -1.310855 -1.568025 -1.68512 
1.209285 1.119763 0.971858 0.728388 0.431837 0.208128 0.065654 -0.073663 -0.212292 -0.326369 -0.439653 -0.580882 -0.72087 -0.891068 -1.08057 -1.298659 -1.561272 -1.701117 
1.064993 0.971358 0.833143 0.675611 0.489255 0.29489 0.162755 0.037134 -0.115916 -0.256377 -0.357137 -0.482205 -0.662412 -0.889315 -1.094463 -1.274093 -1.484359 -1.64454 
0.958592 0.881011 0.777538 0.65596 0.48837 0.30147 0.177865 0.068457 -0.070205 -0.212099 -0.310281 -0.430117 -0.623372 -0.853748 -1.078185 -1.270523 -1.45377 -1.590537 
