-0.565134 -0.648446 -0.771668 -0.865586 -0.955305 -1.055618 -1.159862 -1.259417 -1.35272 -1.43202 -1.490834 -1.540927 -1.583613 -1.625741 -1.660282 -1.6832 -1.711639 -1.729016 
-0.499904 -0.557082 -0.661021 -0.767685 -0.884217 -1.002319 -1.113201 -1.218349 -1.304204 -1.375298 -1.43277 -1.477984 -1.516478 -1.557829 -1.592503 -1.614867 -1.641319 -1.655996 
-0.419707 -0.454425 -0.531216 -0.629312 -0.757991 -0.887549 -0.985334 -1.07018 -1.134557 -1.197076 -1.260019 -1.293393 -1.299867 -1.299095 -1.316256 -1.351106 -1.380382 -1.394976 
-0.30624 -0.339775 -0.406845 -0.493316 -0.577468 -0.614125 -0.644077 -0.684652 -0.726716 -0.785319 -0.859137 -0.905522 -0.928316 -0.952615 -0.99265 -1.034969 -1.048707 -1.041985 
-0.175756 -0.215128 -0.277342 -0.337385 -0.322383 -0.298219 -0.353541 -0.447332 -0.52603 -0.583828 -0.644111 -0.704756 -0.764714 -0.829652 -0.886639 -0.928687 -0.942839 -0.937559 
-0.023229 -0.054644 -0.104552 -0.139234 -0.146136 -0.176796 -0.240619 -0.337499 -0.429636 -0.496694 -0.558593 -0.621207 -0.683046 -0.749081 -0.807706 -0.853451 -0.882584 -0.891407 
0.127167 0.10518 0.057216 0.008395 -0.0314 -0.073613 -0.124828 -0.207291 -0.31557 -0.408705 -0.486207 -0.55666 -0.620164 -0.682078 -0.737329 -0.780928 -0.815662 -0.838794 
0.27714 0.25998 0.202213 0.103023 0.057845 0.030907 -0.001528 -0.058549 -0.173923 -0.296052 -0.374865 -0.436937 -0.480381 -0.517507 -0.529717 -0.508084 -0.509539 -0.569857 
0.433216 0.425755 0.37999 0.228892 0.1615 0.141453 0.126697 0.115976 0.07414 0.02874 0.070071 0.129456 0.22304 0.352461 0.501021 0.607995 0.651821 0.635495 
0.5819 0.568523 0.527616 0.358325 0.268628 0.2513 0.252019 0.280868 0.340807 0.449055 0.558709 0.645406 0.73581 0.821397 0.890269 0.922869 0.937416 0.945302 
0.726733 0.706345 0.66335 0.481232 0.363677 0.35703 0.375986 0.418308 0.493928 0.59501 0.678276 0.758805 0.837888 0.904779 0.957088 0.981995 0.990394 0.988781 
0.828749 0.814744 0.77875 0.614053 0.46439 0.462669 0.496272 0.545034 0.61511 0.68951 0.758859 0.841748 0.911219 0.96828 1.013969 1.039297 1.043304 1.03278 
0.906625 0.905834 0.899704 0.816508 0.642283 0.602731 0.627676 0.673528 0.73345 0.788593 0.848918 0.92033 0.975262 1.03244 1.091824 1.124486 1.113079 1.091712 
0.981162 1.001116 1.050438 1.103273 1.073145 1.029292 1.008102 0.964383 0.924594 0.937815 0.991855 1.04137 1.098376 1.227135 1.37733 1.430298 1.359533 1.290835 
1.104811 1.129839 1.19013 1.251878 1.304972 1.362194 1.392544 1.364557 1.304621 1.30815 1.368071 1.405423 1.482904 1.629379 1.720492 1.747992 1.728608 1.681379 
1.226969 1.236612 1.273634 1.316767 1.374131 1.451293 1.500297 1.511757 1.518147 1.55215 1.594307 1.62192 1.684036 1.769951 1.813885 1.832122 1.840342 1.829706 
