map size - [19, 19]
quantization error - 0.060656594079
topographic error - 0.0745
topographic error and quantization error average - 0.0675782970395
density - 5.54016620499
HIT map - 
9 13 11 13 17 11 14 20 11 8 6 6 5 5 7 9 10 12 13 
9 3 0 0 0 0 0 0 3 9 3 4 4 3 6 6 0 3 11 
12 5 4 0 1 6 6 3 12 3 5 5 1 12 5 2 0 1 15 
8 4 10 11 8 8 3 3 8 4 2 5 7 7 0 0 0 7 9 
6 2 7 5 5 7 14 10 9 4 8 4 2 10 1 0 0 5 6 
8 5 2 4 3 5 13 0 12 11 11 3 8 2 1 0 5 5 8 
6 2 7 7 2 17 7 0 0 0 8 6 4 6 11 5 10 3 5 
9 5 9 7 6 2 12 5 0 0 5 10 10 3 2 7 4 4 4 
11 3 6 6 12 6 5 11 6 0 0 2 8 6 4 4 3 4 4 
15 5 0 0 0 9 4 4 5 0 0 5 10 5 1 5 4 2 4 
19 0 0 0 4 9 5 8 10 8 0 9 7 3 4 6 3 3 6 
20 1 7 10 14 8 4 7 5 13 5 13 3 6 6 6 3 7 2 
12 8 10 6 5 7 4 2 3 3 8 7 4 5 6 5 8 5 3 
3 2 2 3 8 2 5 5 8 1 7 4 4 6 0 0 3 6 5 
0 0 0 3 5 6 6 10 3 10 3 2 4 10 0 0 3 6 6 
4 6 10 14 11 7 6 2 2 6 5 3 7 4 1 0 3 3 6 
9 6 3 1 0 0 0 1 5 5 4 4 4 7 6 0 0 8 8 
12 3 0 0 1 3 1 4 3 6 1 2 4 4 7 7 2 1 17 
25 13 11 11 13 7 9 14 3 2 4 6 6 3 6 6 11 11 18 

