1.414214 1.315215 1.216217 1.117219 1.01822 0.919222 0.820223 0.721225 0.622227 0.523228 0.42423 0.325232 0.226233 0.127235 0.028237 
1.311181 1.212183 1.113185 1.014186 0.915188 0.81619 0.717191 0.618193 0.519195 0.420196 0.321198 0.2222 0.123201 0.024203 -0.074796 
1.208149 1.109151 1.010153 0.911154 0.812156 0.713157 0.614159 0.515161 0.416162 0.317164 0.218166 0.119167 0.020169 -0.078829 -0.177828 
1.105117 1.006119 0.90712 0.808122 0.709124 0.610125 0.511127 0.412129 0.31313 0.214132 0.115134 0.016135 -0.082863 -0.181861 -0.28086 
1.002085 0.903087 0.804088 0.70509 0.606092 0.507093 0.408095 0.309096 0.210098 0.1111 0.012101 -0.086897 -0.185895 -0.284894 -0.383892 
0.899053 0.800054 0.701056 0.602058 0.503059 0.404061 0.305063 0.206064 0.107066 0.008068 -0.090931 -0.189929 -0.288927 -0.387926 -0.486924 
0.796021 0.697022 0.598024 0.499026 0.400027 0.301029 0.202031 0.103032 0.004034 -0.094965 -0.193963 -0.292961 -0.39196 -0.490958 -0.589956 
0.692988 0.59399 0.494992 0.395993 0.296995 0.197997 0.098998 0.0 -0.098998 -0.197997 -0.296995 -0.395993 -0.494992 -0.59399 -0.692988 
0.589956 0.490958 0.39196 0.292961 0.193963 0.094965 -0.004034 -0.103032 -0.202031 -0.301029 -0.400027 -0.499026 -0.598024 -0.697022 -0.796021 
0.486924 0.387926 0.288927 0.189929 0.090931 -0.008068 -0.107066 -0.206064 -0.305063 -0.404061 -0.503059 -0.602058 -0.701056 -0.800054 -0.899053 
0.383892 0.284894 0.185895 0.086897 -0.012101 -0.1111 -0.210098 -0.309096 -0.408095 -0.507093 -0.606092 -0.70509 -0.804088 -0.903087 -1.002085 
0.28086 0.181861 0.082863 -0.016135 -0.115134 -0.214132 -0.31313 -0.412129 -0.511127 -0.610125 -0.709124 -0.808122 -0.90712 -1.006119 -1.105117 
0.177828 0.078829 -0.020169 -0.119167 -0.218166 -0.317164 -0.416162 -0.515161 -0.614159 -0.713157 -0.812156 -0.911154 -1.010153 -1.109151 -1.208149 
0.074796 -0.024203 -0.123201 -0.2222 -0.321198 -0.420196 -0.519195 -0.618193 -0.717191 -0.81619 -0.915188 -1.014186 -1.113185 -1.212183 -1.311181 
-0.028237 -0.127235 -0.226233 -0.325232 -0.42423 -0.523228 -0.622227 -0.721225 -0.820223 -0.919222 -1.01822 -1.117219 -1.216217 -1.315215 -1.414214 
