map size - [15, 15]
quantization error - 0.0713553446154
topographic error - 0.065
topographic error and quantization error average - 0.0681776723077
density - 2.66666666667
HIT map - 
1 4 1 5 3 5 5 4 5 6 8 6 0 6 10 
1 3 1 4 0 1 0 1 1 3 2 3 0 4 4 
2 1 0 0 3 3 1 4 3 1 3 0 0 0 0 
3 2 2 5 3 1 4 2 3 5 1 0 3 2 5 
2 2 2 1 2 5 1 6 3 6 0 0 7 4 6 
2 1 3 1 2 4 3 3 4 0 0 1 3 3 4 
3 2 2 3 3 1 3 2 0 0 6 2 6 0 4 
4 3 0 3 4 5 1 0 1 2 3 5 2 2 7 
5 1 7 4 1 0 0 4 3 5 5 1 2 3 4 
4 4 3 4 1 0 1 5 2 1 2 1 3 1 2 
3 0 3 2 0 2 4 2 2 3 4 2 3 2 3 
9 5 3 0 1 6 4 1 8 4 0 1 5 1 2 
0 0 0 0 4 2 3 3 1 2 0 4 1 1 2 
2 1 0 3 5 5 0 2 3 1 0 2 3 3 1 
12 9 0 1 9 4 4 4 3 5 4 4 2 0 2 

