1.414214 1.332415 1.250616 1.168817 1.087019 1.00522 0.923421 0.841622 0.759824 0.678025 0.596226 0.514428 0.432629 0.35083 0.269031 0.187233 0.105434 0.023635 
1.318357 1.236558 1.15476 1.072961 0.991162 0.909363 0.827565 0.745766 0.663967 0.582168 0.50037 0.418571 0.336772 0.254973 0.173175 0.091376 0.009577 -0.072221 
1.2225 1.140702 1.058903 0.977104 0.895305 0.813507 0.731708 0.649909 0.568111 0.486312 0.404513 0.322714 0.240916 0.159117 0.077318 -0.004481 -0.086279 -0.168078 
1.126644 1.044845 0.963046 0.881248 0.799449 0.71765 0.635851 0.554053 0.472254 0.390455 0.308657 0.226858 0.145059 0.06326 -0.018538 -0.100337 -0.182136 -0.263935 
1.030787 0.948989 0.86719 0.785391 0.703592 0.621794 0.539995 0.458196 0.376397 0.294599 0.2128 0.131001 0.049202 -0.032596 -0.114395 -0.196194 -0.277992 -0.359791 
0.934931 0.853132 0.771333 0.689534 0.607736 0.525937 0.444138 0.36234 0.280541 0.198742 0.116943 0.035145 -0.046654 -0.128453 -0.210252 -0.29205 -0.373849 -0.455648 
0.839074 0.757275 0.675477 0.593678 0.511879 0.43008 0.348282 0.266483 0.184684 0.102886 0.021087 -0.060712 -0.142511 -0.224309 -0.306108 -0.387907 -0.469706 -0.551504 
0.743217 0.661419 0.57962 0.497821 0.416023 0.334224 0.252425 0.170626 0.088828 0.007029 -0.07477 -0.156569 -0.238367 -0.320166 -0.401965 -0.483763 -0.565562 -0.647361 
0.647361 0.565562 0.483763 0.401965 0.320166 0.238367 0.156569 0.07477 -0.007029 -0.088828 -0.170626 -0.252425 -0.334224 -0.416023 -0.497821 -0.57962 -0.661419 -0.743217 
0.551504 0.469706 0.387907 0.306108 0.224309 0.142511 0.060712 -0.021087 -0.102886 -0.184684 -0.266483 -0.348282 -0.43008 -0.511879 -0.593678 -0.675477 -0.757275 -0.839074 
0.455648 0.373849 0.29205 0.210252 0.128453 0.046654 -0.035145 -0.116943 -0.198742 -0.280541 -0.36234 -0.444138 -0.525937 -0.607736 -0.689534 -0.771333 -0.853132 -0.934931 
0.359791 0.277992 0.196194 0.114395 0.032596 -0.049202 -0.131001 -0.2128 -0.294599 -0.376397 -0.458196 -0.539995 -0.621794 -0.703592 -0.785391 -0.86719 -0.948989 -1.030787 
0.263935 0.182136 0.100337 0.018538 -0.06326 -0.145059 -0.226858 -0.308657 -0.390455 -0.472254 -0.554053 -0.635851 -0.71765 -0.799449 -0.881248 -0.963046 -1.044845 -1.126644 
0.168078 0.086279 0.004481 -0.077318 -0.159117 -0.240916 -0.322714 -0.404513 -0.486312 -0.568111 -0.649909 -0.731708 -0.813507 -0.895305 -0.977104 -1.058903 -1.140702 -1.2225 
0.072221 -0.009577 -0.091376 -0.173175 -0.254973 -0.336772 -0.418571 -0.50037 -0.582168 -0.663967 -0.745766 -0.827565 -0.909363 -0.991162 -1.072961 -1.15476 -1.236558 -1.318357 
-0.023635 -0.105434 -0.187233 -0.269031 -0.35083 -0.432629 -0.514428 -0.596226 -0.678025 -0.759824 -0.841622 -0.923421 -1.00522 -1.087019 -1.168817 -1.250616 -1.332415 -1.414214 
