1.967584 1.972252 1.956273 1.900687 1.811022 1.694897 1.546962 1.374504 1.23619 1.142689 1.059398 0.868403 0.67077 0.630968 0.606473 0.581849 0.566674 0.532622 0.455743 0.18599 -0.303335 -0.482118 -0.541946 
1.858724 1.855331 1.852283 1.825163 1.741865 1.626117 1.469235 1.31394 1.193322 1.088078 0.980738 0.808338 0.647865 0.597951 0.568655 0.544301 0.529434 0.500692 0.422712 0.131451 -0.308225 -0.470551 -0.536762 
1.699711 1.679532 1.655215 1.661103 1.619374 1.506025 1.361875 1.245251 1.133691 1.00705 0.884786 0.746375 0.624806 0.566085 0.529969 0.505127 0.489547 0.460055 0.348498 -0.025942 -0.353933 -0.471804 -0.538483 
1.6025 1.576899 1.533592 1.500703 1.480083 1.396816 1.285331 1.179801 1.052865 0.915347 0.807018 0.703453 0.598467 0.530703 0.487213 0.461965 0.444282 0.380113 0.105206 -0.261118 -0.403107 -0.481027 -0.542567 
1.528093 1.49567 1.435701 1.364568 1.287551 1.236232 1.185641 1.0811 0.945268 0.824714 0.738255 0.656759 0.563699 0.494522 0.450929 0.404925 0.321536 0.104842 -0.228709 -0.374282 -0.432471 -0.498615 -0.553228 
1.445998 1.406938 1.338802 1.247906 1.121912 0.995123 0.936629 0.908225 0.827214 0.745499 0.677997 0.608015 0.528004 0.465229 0.400208 0.205058 -0.081219 -0.281682 -0.384906 -0.424495 -0.466213 -0.523939 -0.569065 
1.342089 1.299175 1.222652 1.10842 0.976585 0.858534 0.765712 0.721046 0.71125 0.676018 0.62058 0.556631 0.491546 0.426811 0.242447 -0.169407 -0.354186 -0.407721 -0.440111 -0.468391 -0.506403 -0.550293 -0.585477 
1.241109 1.160959 1.051574 0.948293 0.857087 0.772797 0.699444 0.652761 0.628781 0.606238 0.56207 0.509662 0.45876 0.353006 -0.02518 -0.3402 -0.414282 -0.453263 -0.488247 -0.518933 -0.552611 -0.585624 -0.610544 
1.093557 0.994878 0.898808 0.815692 0.748159 0.693877 0.645188 0.604212 0.565894 0.529248 0.489723 0.44453 0.392017 0.170734 -0.254145 -0.402773 -0.451196 -0.500981 -0.545206 -0.584531 -0.625348 -0.654386 -0.671694 
0.789446 0.775265 0.742308 0.692795 0.657837 0.628242 0.590063 0.545747 0.501044 0.431147 0.241306 0.082348 0.021404 -0.183589 -0.388191 -0.452569 -0.5021 -0.555052 -0.599096 -0.649502 -0.713586 -0.777268 -0.826168 
0.66307 0.662443 0.645825 0.617987 0.592902 0.561703 0.522849 0.479096 0.41223 0.211784 -0.174514 -0.345454 -0.394005 -0.443896 -0.473098 -0.501167 -0.557399 -0.61718 -0.67179 -0.741516 -0.82686 -0.926304 -0.998126 
0.635633 0.622205 0.591643 0.551917 0.520484 0.495771 0.462033 0.38345 0.168549 -0.165719 -0.368971 -0.433609 -0.479687 -0.540043 -0.582294 -0.586974 -0.629693 -0.700326 -0.799295 -0.908026 -0.98899 -1.073616 -1.136827 
0.616574 0.587794 0.537701 0.485733 0.455462 0.419847 0.326903 0.076982 -0.225794 -0.369674 -0.43412 -0.482608 -0.543214 -0.625522 -0.721317 -0.789868 -0.787962 -0.822861 -0.94393 -1.059791 -1.143386 -1.211887 -1.253757 
0.604585 0.563758 0.502472 0.445303 0.375008 0.163804 -0.126868 -0.306876 -0.386921 -0.431102 -0.483326 -0.541622 -0.617758 -0.728743 -0.861344 -0.972334 -1.041328 -1.058435 -1.105339 -1.203287 -1.289631 -1.338077 -1.352875 
0.607432 0.551216 0.479928 0.402241 0.179208 -0.200868 -0.366117 -0.4133 -0.438356 -0.472438 -0.528545 -0.588891 -0.692614 -0.853849 -1.001462 -1.12354 -1.254082 -1.366388 -1.373242 -1.391397 -1.43679 -1.467338 -1.479156 
0.604069 0.540696 0.45033 0.271969 -0.152028 -0.381026 -0.432158 -0.464932 -0.49566 -0.52792 -0.577145 -0.647015 -0.797923 -0.979464 -1.121925 -1.258142 -1.385231 -1.493496 -1.566064 -1.567285 -1.568898 -1.602274 -1.622921 
0.575807 0.514549 0.345638 -0.052472 -0.382216 -0.460117 -0.485228 -0.515693 -0.542375 -0.570963 -0.61363 -0.698332 -0.888467 -1.077563 -1.239998 -1.38201 -1.491974 -1.59974 -1.697755 -1.737225 -1.706582 -1.714367 -1.733565 
0.540903 0.463828 0.129002 -0.336273 -0.493664 -0.532311 -0.548951 -0.561992 -0.571077 -0.592581 -0.626173 -0.715355 -0.98101 -1.204515 -1.36656 -1.483767 -1.585926 -1.702064 -1.807043 -1.867611 -1.854663 -1.838357 -1.856792 
0.525053 0.430799 -0.000568 -0.416718 -0.532903 -0.576676 -0.593333 -0.598288 -0.599559 -0.613972 -0.637654 -0.742776 -1.1307 -1.324696 -1.437286 -1.533589 -1.635903 -1.758844 -1.867501 -1.926144 -1.938376 -1.934597 -1.942541 
