-0.517012 -0.384347 0.1321 0.485184 0.558818 0.585564 0.596267 0.597285 0.60591 0.622075 0.652729 0.841157 1.128567 1.225062 1.32888 1.513427 1.697701 1.816062 1.869243 1.875616 1.883876 1.925044 1.949827 
-0.526736 -0.423068 -0.002441 0.406041 0.505663 0.52784 0.536784 0.546139 0.56554 0.593395 0.635755 0.774011 1.008488 1.158295 1.29515 1.462327 1.612308 1.737674 1.810966 1.809774 1.794935 1.830631 1.859218 
-0.538673 -0.476558 -0.278351 0.132833 0.391389 0.450782 0.467343 0.487165 0.514877 0.556884 0.618448 0.729924 0.887847 1.033161 1.194671 1.371966 1.505567 1.61445 1.691383 1.661784 1.638184 1.670249 1.697913 
-0.547465 -0.495454 -0.405532 -0.215268 0.146081 0.372155 0.427712 0.446879 0.470496 0.517936 0.582751 0.675726 0.800386 0.911385 1.042823 1.218258 1.367124 1.45664 1.4505 1.407274 1.456274 1.515658 1.548552 
-0.559875 -0.505745 -0.436821 -0.374966 -0.237538 0.086556 0.330554 0.4 0.42956 0.473567 0.532013 0.604753 0.707337 0.803676 0.904229 1.046398 1.168549 1.194345 1.171404 1.221269 1.305574 1.376128 1.410596 
-0.572127 -0.517849 -0.453351 -0.417758 -0.390513 -0.316165 -0.098302 0.200596 0.369301 0.438221 0.493238 0.555005 0.632609 0.709849 0.780969 0.854019 0.873562 0.890884 0.965798 1.073989 1.176243 1.258324 1.310002 
-0.588695 -0.547005 -0.491573 -0.45694 -0.436132 -0.414528 -0.370474 -0.211071 0.153248 0.381706 0.45906 0.514 0.574651 0.633522 0.666065 0.664907 0.692984 0.758727 0.83967 0.938935 1.051122 1.143402 1.210739 
-0.60835 -0.588705 -0.560428 -0.519246 -0.480595 -0.44954 -0.419987 -0.369562 -0.176478 0.207473 0.403949 0.470631 0.519679 0.564925 0.57454 0.576411 0.616418 0.679437 0.741332 0.818269 0.925211 1.007421 1.067348 
-0.671942 -0.66135 -0.640725 -0.596993 -0.547075 -0.500866 -0.458434 -0.423274 -0.358865 -0.126 0.233951 0.389088 0.444056 0.484687 0.50369 0.52241 0.557607 0.611388 0.656113 0.697248 0.767379 0.842698 0.898614 
-0.961753 -0.888838 -0.796183 -0.704672 -0.632253 -0.573521 -0.516272 -0.472459 -0.43456 -0.358739 -0.165931 -0.006276 0.084641 0.260261 0.421169 0.47085 0.502774 0.549681 0.598482 0.631309 0.661612 0.70146 0.737593 
-1.14757 -1.071293 -0.945871 -0.815389 -0.724551 -0.661173 -0.597238 -0.535137 -0.492364 -0.466595 -0.439738 -0.404216 -0.349033 -0.144234 0.232396 0.405811 0.459898 0.495526 0.540643 0.584459 0.607258 0.623015 0.641652 
-1.24831 -1.188636 -1.082368 -0.952078 -0.845522 -0.754701 -0.674401 -0.610607 -0.588579 -0.581237 -0.530999 -0.478584 -0.433471 -0.35296 -0.125517 0.204846 0.400964 0.456695 0.481133 0.513164 0.547641 0.581704 0.607004 
-1.367646 -1.325439 -1.238158 -1.114677 -0.99465 -0.878239 -0.784128 -0.747429 -0.739897 -0.683859 -0.602991 -0.53258 -0.477763 -0.428533 -0.364612 -0.218433 0.1452 0.388014 0.438888 0.463574 0.497434 0.556669 0.596875 
-1.492319 -1.455925 -1.374219 -1.248901 -1.137755 -1.085715 -1.064853 -0.956674 -0.852605 -0.761776 -0.667242 -0.594758 -0.534458 -0.482933 -0.440234 -0.401982 -0.265965 0.109711 0.35923 0.434743 0.469539 0.534748 0.589416 
-1.598317 -1.562621 -1.500418 -1.398789 -1.298184 -1.273433 -1.234888 -1.103256 -0.956426 -0.85069 -0.732515 -0.649418 -0.586063 -0.531729 -0.486387 -0.450224 -0.413291 -0.300235 0.036239 0.355436 0.442202 0.509323 0.573817 
-1.70547 -1.669878 -1.612496 -1.555918 -1.495637 -1.418682 -1.335042 -1.21964 -1.087429 -0.981528 -0.845345 -0.726788 -0.640052 -0.575364 -0.528206 -0.484102 -0.449897 -0.411706 -0.268556 0.144257 0.388798 0.478532 0.5419 
-1.813188 -1.78974 -1.749165 -1.737702 -1.6797 -1.568996 -1.447766 -1.306255 -1.18502 -1.087534 -0.969374 -0.825287 -0.687282 -0.608594 -0.562517 -0.527471 -0.49582 -0.461936 -0.40038 -0.167137 0.244947 0.438398 0.505444 
-1.914641 -1.903035 -1.900318 -1.91064 -1.853992 -1.733594 -1.573838 -1.390081 -1.252003 -1.146087 -1.044057 -0.908106 -0.715699 -0.631042 -0.592983 -0.568997 -0.54874 -0.518145 -0.470461 -0.360591 0.015262 0.386716 0.487936 
-1.976566 -1.970469 -1.973057 -1.975298 -1.937058 -1.831335 -1.654135 -1.466343 -1.319434 -1.195662 -1.099491 -0.973534 -0.718601 -0.642402 -0.615347 -0.595383 -0.582417 -0.557962 -0.505034 -0.41574 -0.104512 0.35693 0.487841 
