1.414214 1.382142 1.35007 1.317999 1.285927 1.253855 1.221784 1.189712 1.15764 1.125569 1.093497 1.061425 1.029354 0.997282 0.96521 0.933139 0.901067 0.868995 0.836924 0.804852 0.77278 0.740709 0.708637 0.676565 0.644494 0.612422 0.58035 0.548279 0.516207 0.484135 0.452064 0.419992 0.38792 0.355849 0.323777 0.291705 0.259634 0.227562 0.19549 0.163419 0.131347 0.099275 0.067204 0.035132 0.00306 
1.372529 1.340457 1.308386 1.276314 1.244242 1.212171 1.180099 1.148027 1.115956 1.083884 1.051812 1.019741 0.987669 0.955597 0.923526 0.891454 0.859382 0.827311 0.795239 0.763167 0.731096 0.699024 0.666952 0.634881 0.602809 0.570737 0.538666 0.506594 0.474522 0.442451 0.410379 0.378307 0.346236 0.314164 0.282092 0.250021 0.217949 0.185877 0.153806 0.121734 0.089662 0.057591 0.025519 -0.006553 -0.038624 
1.330845 1.298773 1.266701 1.23463 1.202558 1.170486 1.138415 1.106343 1.074271 1.0422 1.010128 0.978056 0.945985 0.913913 0.881841 0.84977 0.817698 0.785626 0.753555 0.721483 0.689411 0.65734 0.625268 0.593196 0.561125 0.529053 0.496981 0.46491 0.432838 0.400766 0.368695 0.336623 0.304551 0.27248 0.240408 0.208336 0.176265 0.144193 0.112121 0.08005 0.047978 0.015906 -0.016165 -0.048237 -0.080309 
1.28916 1.257088 1.225017 1.192945 1.160873 1.128802 1.09673 1.064658 1.032587 1.000515 0.968443 0.936372 0.9043 0.872228 0.840157 0.808085 0.776013 0.743942 0.71187 0.679798 0.647727 0.615655 0.583583 0.551512 0.51944 0.487368 0.455297 0.423225 0.391153 0.359082 0.32701 0.294938 0.262867 0.230795 0.198723 0.166652 0.13458 0.102508 0.070437 0.038365 0.006293 -0.025778 -0.05785 -0.089922 -0.121993 
1.247475 1.215404 1.183332 1.15126 1.119189 1.087117 1.055045 1.022974 0.990902 0.95883 0.926759 0.894687 0.862615 0.830544 0.798472 0.7664 0.734329 0.702257 0.670186 0.638114 0.606042 0.573971 0.541899 0.509827 0.477756 0.445684 0.413612 0.381541 0.349469 0.317397 0.285326 0.253254 0.221182 0.189111 0.157039 0.124967 0.092896 0.060824 0.028752 -0.003319 -0.035391 -0.067463 -0.099534 -0.131606 -0.163678 
1.205791 1.173719 1.141648 1.109576 1.077504 1.045433 1.013361 0.981289 0.949218 0.917146 0.885074 0.853003 0.820931 0.788859 0.756788 0.724716 0.692644 0.660573 0.628501 0.596429 0.564358 0.532286 0.500214 0.468143 0.436071 0.403999 0.371928 0.339856 0.307784 0.275713 0.243641 0.211569 0.179498 0.147426 0.115354 0.083283 0.051211 0.019139 -0.012932 -0.045004 -0.077076 -0.109147 -0.141219 -0.173291 -0.205362 
1.164106 1.132035 1.099963 1.067891 1.03582 1.003748 0.971676 0.939605 0.907533 0.875461 0.84339 0.811318 0.779246 0.747175 0.715103 0.683031 0.65096 0.618888 0.586816 0.554745 0.522673 0.490601 0.45853 0.426458 0.394386 0.362315 0.330243 0.298171 0.2661 0.234028 0.201956 0.169885 0.137813 0.105741 0.07367 0.041598 0.009526 -0.022545 -0.054617 -0.086688 -0.11876 -0.150832 -0.182903 -0.214975 -0.247047 
1.122422 1.09035 1.058279 1.026207 0.994135 0.962064 0.929992 0.89792 0.865849 0.833777 0.801705 0.769634 0.737562 0.70549 0.673419 0.641347 0.609275 0.577204 0.545132 0.51306 0.480989 0.448917 0.416845 0.384774 0.352702 0.32063 0.288559 0.256487 0.224415 0.192344 0.160272 0.1282 0.096129 0.064057 0.031985 -8.6e-05 -0.032158 -0.06423 -0.096301 -0.128373 -0.160445 -0.192516 -0.224588 -0.25666 -0.288731 
1.080737 1.048666 1.016594 0.984522 0.952451 0.920379 0.888307 0.856236 0.824164 0.792092 0.760021 0.727949 0.695877 0.663806 0.631734 0.599662 0.567591 0.535519 0.503447 0.471376 0.439304 0.407232 0.375161 0.343089 0.311017 0.278946 0.246874 0.214802 0.182731 0.150659 0.118587 0.086516 0.054444 0.022372 -0.009699 -0.041771 -0.073843 -0.105914 -0.137986 -0.170058 -0.202129 -0.234201 -0.266273 -0.298344 -0.330416 
1.039053 1.006981 0.974909 0.942838 0.910766 0.878695 0.846623 0.814551 0.78248 0.750408 0.718336 0.686265 0.654193 0.622121 0.59005 0.557978 0.525906 0.493835 0.461763 0.429691 0.39762 0.365548 0.333476 0.301405 0.269333 0.237261 0.20519 0.173118 0.141046 0.108975 0.076903 0.044831 0.01276 -0.019312 -0.051384 -0.083455 -0.115527 -0.147599 -0.17967 -0.211742 -0.243814 -0.275885 -0.307957 -0.340029 -0.3721 
0.997368 0.965297 0.933225 0.901153 0.869082 0.83701 0.804938 0.772867 0.740795 0.708723 0.676652 0.64458 0.612508 0.580437 0.548365 0.516293 0.484222 0.45215 0.420078 0.388007 0.355935 0.323863 0.291792 0.25972 0.227648 0.195577 0.163505 0.131433 0.099362 0.06729 0.035218 0.003147 -0.028925 -0.060997 -0.093068 -0.12514 -0.157212 -0.189283 -0.221355 -0.253427 -0.285498 -0.31757 -0.349642 -0.381713 -0.413785 
0.955684 0.923612 0.89154 0.859469 0.827397 0.795325 0.763254 0.731182 0.69911 0.667039 0.634967 0.602895 0.570824 0.538752 0.50668 0.474609 0.442537 0.410465 0.378394 0.346322 0.31425 0.282179 0.250107 0.218035 0.185964 0.153892 0.121821 0.089749 0.057677 0.025606 -0.006466 -0.038538 -0.070609 -0.102681 -0.134753 -0.166824 -0.198896 -0.230968 -0.263039 -0.295111 -0.327183 -0.359254 -0.391326 -0.423398 -0.455469 
0.913999 0.881928 0.849856 0.817784 0.785713 0.753641 0.721569 0.689498 0.657426 0.625354 0.593283 0.561211 0.529139 0.497068 0.464996 0.432924 0.400853 0.368781 0.336709 0.304638 0.272566 0.240494 0.208423 0.176351 0.144279 0.112208 0.080136 0.048064 0.015993 -0.016079 -0.048151 -0.080222 -0.112294 -0.144366 -0.176437 -0.208509 -0.240581 -0.272652 -0.304724 -0.336796 -0.368867 -0.400939 -0.433011 -0.465082 -0.497154 
0.872315 0.840243 0.808171 0.7761 0.744028 0.711956 0.679885 0.647813 0.615741 0.58367 0.551598 0.519526 0.487455 0.455383 0.423311 0.39124 0.359168 0.327096 0.295025 0.262953 0.230881 0.19881 0.166738 0.134666 0.102595 0.070523 0.038451 0.00638 -0.025692 -0.057764 -0.089835 -0.121907 -0.153979 -0.18605 -0.218122 -0.250194 -0.282265 -0.314337 -0.346409 -0.37848 -0.410552 -0.442624 -0.474695 -0.506767 -0.538839 
0.83063 0.798559 0.766487 0.734415 0.702344 0.670272 0.6382 0.606129 0.574057 0.541985 0.509914 0.477842 0.44577 0.413699 0.381627 0.349555 0.317484 0.285412 0.25334 0.221269 0.189197 0.157125 0.125054 0.092982 0.06091 0.028839 -0.003233 -0.035305 -0.067376 -0.099448 -0.13152 -0.163591 -0.195663 -0.227735 -0.259806 -0.291878 -0.32395 -0.356021 -0.388093 -0.420165 -0.452236 -0.484308 -0.51638 -0.548451 -0.580523 
0.788946 0.756874 0.724802 0.692731 0.660659 0.628587 0.596516 0.564444 0.532372 0.500301 0.468229 0.436157 0.404086 0.372014 0.339942 0.307871 0.275799 0.243727 0.211656 0.179584 0.147512 0.115441 0.083369 0.051297 0.019226 -0.012846 -0.044918 -0.076989 -0.109061 -0.141133 -0.173204 -0.205276 -0.237348 -0.269419 -0.301491 -0.333563 -0.365634 -0.397706 -0.429778 -0.461849 -0.493921 -0.525993 -0.558064 -0.590136 -0.622208 
0.747261 0.715189 0.683118 0.651046 0.618974 0.586903 0.554831 0.522759 0.490688 0.458616 0.426544 0.394473 0.362401 0.33033 0.298258 0.266186 0.234115 0.202043 0.169971 0.1379 0.105828 0.073756 0.041685 0.009613 -0.022459 -0.05453 -0.086602 -0.118674 -0.150745 -0.182817 -0.214889 -0.24696 -0.279032 -0.311104 -0.343175 -0.375247 -0.407319 -0.43939 -0.471462 -0.503534 -0.535605 -0.567677 -0.599749 -0.63182 -0.663892 
0.705577 0.673505 0.641433 0.609362 0.57729 0.545218 0.513147 0.481075 0.449003 0.416932 0.38486 0.352788 0.320717 0.288645 0.256573 0.224502 0.19243 0.160358 0.128287 0.096215 0.064143 0.032072 0.0 -0.032072 -0.064143 -0.096215 -0.128287 -0.160358 -0.19243 -0.224502 -0.256573 -0.288645 -0.320717 -0.352788 -0.38486 -0.416932 -0.449003 -0.481075 -0.513147 -0.545218 -0.57729 -0.609362 -0.641433 -0.673505 -0.705577 
0.663892 0.63182 0.599749 0.567677 0.535605 0.503534 0.471462 0.43939 0.407319 0.375247 0.343175 0.311104 0.279032 0.24696 0.214889 0.182817 0.150745 0.118674 0.086602 0.05453 0.022459 -0.009613 -0.041685 -0.073756 -0.105828 -0.1379 -0.169971 -0.202043 -0.234115 -0.266186 -0.298258 -0.33033 -0.362401 -0.394473 -0.426544 -0.458616 -0.490688 -0.522759 -0.554831 -0.586903 -0.618974 -0.651046 -0.683118 -0.715189 -0.747261 
0.622208 0.590136 0.558064 0.525993 0.493921 0.461849 0.429778 0.397706 0.365634 0.333563 0.301491 0.269419 0.237348 0.205276 0.173204 0.141133 0.109061 0.076989 0.044918 0.012846 -0.019226 -0.051297 -0.083369 -0.115441 -0.147512 -0.179584 -0.211656 -0.243727 -0.275799 -0.307871 -0.339942 -0.372014 -0.404086 -0.436157 -0.468229 -0.500301 -0.532372 -0.564444 -0.596516 -0.628587 -0.660659 -0.692731 -0.724802 -0.756874 -0.788946 
0.580523 0.548451 0.51638 0.484308 0.452236 0.420165 0.388093 0.356021 0.32395 0.291878 0.259806 0.227735 0.195663 0.163591 0.13152 0.099448 0.067376 0.035305 0.003233 -0.028839 -0.06091 -0.092982 -0.125054 -0.157125 -0.189197 -0.221269 -0.25334 -0.285412 -0.317484 -0.349555 -0.381627 -0.413699 -0.44577 -0.477842 -0.509914 -0.541985 -0.574057 -0.606129 -0.6382 -0.670272 -0.702344 -0.734415 -0.766487 -0.798559 -0.83063 
0.538839 0.506767 0.474695 0.442624 0.410552 0.37848 0.346409 0.314337 0.282265 0.250194 0.218122 0.18605 0.153979 0.121907 0.089835 0.057764 0.025692 -0.00638 -0.038451 -0.070523 -0.102595 -0.134666 -0.166738 -0.19881 -0.230881 -0.262953 -0.295025 -0.327096 -0.359168 -0.39124 -0.423311 -0.455383 -0.487455 -0.519526 -0.551598 -0.58367 -0.615741 -0.647813 -0.679885 -0.711956 -0.744028 -0.7761 -0.808171 -0.840243 -0.872315 
0.497154 0.465082 0.433011 0.400939 0.368867 0.336796 0.304724 0.272652 0.240581 0.208509 0.176437 0.144366 0.112294 0.080222 0.048151 0.016079 -0.015993 -0.048064 -0.080136 -0.112208 -0.144279 -0.176351 -0.208423 -0.240494 -0.272566 -0.304638 -0.336709 -0.368781 -0.400853 -0.432924 -0.464996 -0.497068 -0.529139 -0.561211 -0.593283 -0.625354 -0.657426 -0.689498 -0.721569 -0.753641 -0.785713 -0.817784 -0.849856 -0.881928 -0.913999 
0.455469 0.423398 0.391326 0.359254 0.327183 0.295111 0.263039 0.230968 0.198896 0.166824 0.134753 0.102681 0.070609 0.038538 0.006466 -0.025606 -0.057677 -0.089749 -0.121821 -0.153892 -0.185964 -0.218035 -0.250107 -0.282179 -0.31425 -0.346322 -0.378394 -0.410465 -0.442537 -0.474609 -0.50668 -0.538752 -0.570824 -0.602895 -0.634967 -0.667039 -0.69911 -0.731182 -0.763254 -0.795325 -0.827397 -0.859469 -0.89154 -0.923612 -0.955684 
0.413785 0.381713 0.349642 0.31757 0.285498 0.253427 0.221355 0.189283 0.157212 0.12514 0.093068 0.060997 0.028925 -0.003147 -0.035218 -0.06729 -0.099362 -0.131433 -0.163505 -0.195577 -0.227648 -0.25972 -0.291792 -0.323863 -0.355935 -0.388007 -0.420078 -0.45215 -0.484222 -0.516293 -0.548365 -0.580437 -0.612508 -0.64458 -0.676652 -0.708723 -0.740795 -0.772867 -0.804938 -0.83701 -0.869082 -0.901153 -0.933225 -0.965297 -0.997368 
0.3721 0.340029 0.307957 0.275885 0.243814 0.211742 0.17967 0.147599 0.115527 0.083455 0.051384 0.019312 -0.01276 -0.044831 -0.076903 -0.108975 -0.141046 -0.173118 -0.20519 -0.237261 -0.269333 -0.301405 -0.333476 -0.365548 -0.39762 -0.429691 -0.461763 -0.493835 -0.525906 -0.557978 -0.59005 -0.622121 -0.654193 -0.686265 -0.718336 -0.750408 -0.78248 -0.814551 -0.846623 -0.878695 -0.910766 -0.942838 -0.974909 -1.006981 -1.039053 
0.330416 0.298344 0.266273 0.234201 0.202129 0.170058 0.137986 0.105914 0.073843 0.041771 0.009699 -0.022372 -0.054444 -0.086516 -0.118587 -0.150659 -0.182731 -0.214802 -0.246874 -0.278946 -0.311017 -0.343089 -0.375161 -0.407232 -0.439304 -0.471376 -0.503447 -0.535519 -0.567591 -0.599662 -0.631734 -0.663806 -0.695877 -0.727949 -0.760021 -0.792092 -0.824164 -0.856236 -0.888307 -0.920379 -0.952451 -0.984522 -1.016594 -1.048666 -1.080737 
0.288731 0.25666 0.224588 0.192516 0.160445 0.128373 0.096301 0.06423 0.032158 8.6e-05 -0.031985 -0.064057 -0.096129 -0.1282 -0.160272 -0.192344 -0.224415 -0.256487 -0.288559 -0.32063 -0.352702 -0.384774 -0.416845 -0.448917 -0.480989 -0.51306 -0.545132 -0.577204 -0.609275 -0.641347 -0.673419 -0.70549 -0.737562 -0.769634 -0.801705 -0.833777 -0.865849 -0.89792 -0.929992 -0.962064 -0.994135 -1.026207 -1.058279 -1.09035 -1.122422 
0.247047 0.214975 0.182903 0.150832 0.11876 0.086688 0.054617 0.022545 -0.009526 -0.041598 -0.07367 -0.105741 -0.137813 -0.169885 -0.201956 -0.234028 -0.2661 -0.298171 -0.330243 -0.362315 -0.394386 -0.426458 -0.45853 -0.490601 -0.522673 -0.554745 -0.586816 -0.618888 -0.65096 -0.683031 -0.715103 -0.747175 -0.779246 -0.811318 -0.84339 -0.875461 -0.907533 -0.939605 -0.971676 -1.003748 -1.03582 -1.067891 -1.099963 -1.132035 -1.164106 
0.205362 0.173291 0.141219 0.109147 0.077076 0.045004 0.012932 -0.019139 -0.051211 -0.083283 -0.115354 -0.147426 -0.179498 -0.211569 -0.243641 -0.275713 -0.307784 -0.339856 -0.371928 -0.403999 -0.436071 -0.468143 -0.500214 -0.532286 -0.564358 -0.596429 -0.628501 -0.660573 -0.692644 -0.724716 -0.756788 -0.788859 -0.820931 -0.853003 -0.885074 -0.917146 -0.949218 -0.981289 -1.013361 -1.045433 -1.077504 -1.109576 -1.141648 -1.173719 -1.205791 
0.163678 0.131606 0.099534 0.067463 0.035391 0.003319 -0.028752 -0.060824 -0.092896 -0.124967 -0.157039 -0.189111 -0.221182 -0.253254 -0.285326 -0.317397 -0.349469 -0.381541 -0.413612 -0.445684 -0.477756 -0.509827 -0.541899 -0.573971 -0.606042 -0.638114 -0.670186 -0.702257 -0.734329 -0.7664 -0.798472 -0.830544 -0.862615 -0.894687 -0.926759 -0.95883 -0.990902 -1.022974 -1.055045 -1.087117 -1.119189 -1.15126 -1.183332 -1.215404 -1.247475 
0.121993 0.089922 0.05785 0.025778 -0.006293 -0.038365 -0.070437 -0.102508 -0.13458 -0.166652 -0.198723 -0.230795 -0.262867 -0.294938 -0.32701 -0.359082 -0.391153 -0.423225 -0.455297 -0.487368 -0.51944 -0.551512 -0.583583 -0.615655 -0.647727 -0.679798 -0.71187 -0.743942 -0.776013 -0.808085 -0.840157 -0.872228 -0.9043 -0.936372 -0.968443 -1.000515 -1.032587 -1.064658 -1.09673 -1.128802 -1.160873 -1.192945 -1.225017 -1.257088 -1.28916 
0.080309 0.048237 0.016165 -0.015906 -0.047978 -0.08005 -0.112121 -0.144193 -0.176265 -0.208336 -0.240408 -0.27248 -0.304551 -0.336623 -0.368695 -0.400766 -0.432838 -0.46491 -0.496981 -0.529053 -0.561125 -0.593196 -0.625268 -0.65734 -0.689411 -0.721483 -0.753555 -0.785626 -0.817698 -0.84977 -0.881841 -0.913913 -0.945985 -0.978056 -1.010128 -1.0422 -1.074271 -1.106343 -1.138415 -1.170486 -1.202558 -1.23463 -1.266701 -1.298773 -1.330845 
0.038624 0.006553 -0.025519 -0.057591 -0.089662 -0.121734 -0.153806 -0.185877 -0.217949 -0.250021 -0.282092 -0.314164 -0.346236 -0.378307 -0.410379 -0.442451 -0.474522 -0.506594 -0.538666 -0.570737 -0.602809 -0.634881 -0.666952 -0.699024 -0.731096 -0.763167 -0.795239 -0.827311 -0.859382 -0.891454 -0.923526 -0.955597 -0.987669 -1.019741 -1.051812 -1.083884 -1.115956 -1.148027 -1.180099 -1.212171 -1.244242 -1.276314 -1.308386 -1.340457 -1.372529 
-0.00306 -0.035132 -0.067204 -0.099275 -0.131347 -0.163419 -0.19549 -0.227562 -0.259634 -0.291705 -0.323777 -0.355849 -0.38792 -0.419992 -0.452064 -0.484135 -0.516207 -0.548279 -0.58035 -0.612422 -0.644494 -0.676565 -0.708637 -0.740709 -0.77278 -0.804852 -0.836924 -0.868995 -0.901067 -0.933139 -0.96521 -0.997282 -1.029354 -1.061425 -1.093497 -1.125569 -1.15764 -1.189712 -1.221784 -1.253855 -1.285927 -1.317999 -1.35007 -1.382142 -1.414214 
