-1.729861 -1.683539 -1.602165 -1.477253 -1.324149 -1.123283 -0.904514 -0.749316 -0.635173 -0.527395 -0.396689 -0.234289 -0.065458 0.114255 0.288854 0.463834 0.672047 0.864617 0.970273 
-1.680497 -1.635286 -1.548468 -1.419052 -1.247937 -1.048754 -0.861864 -0.715129 -0.609882 -0.520226 -0.395633 -0.229581 -0.059854 0.090164 0.233919 0.410499 0.689945 0.950373 1.052286 
-1.594521 -1.517899 -1.380009 -1.227252 -1.059746 -0.912668 -0.791837 -0.672318 -0.587399 -0.506368 -0.372074 -0.207461 -0.054339 0.054158 0.156101 0.34881 0.797754 1.079888 1.140449 
-1.510708 -1.412944 -1.273901 -1.147278 -1.006632 -0.876361 -0.773982 -0.669454 -0.576877 -0.476118 -0.332362 -0.182977 -0.053591 0.026136 0.096753 0.370483 0.950661 1.114685 1.150831 
-1.443162 -1.354861 -1.233446 -1.116933 -0.975151 -0.846604 -0.761741 -0.666037 -0.55057 -0.428043 -0.296512 -0.163508 -0.03639 0.041291 0.130454 0.486253 0.900756 1.030781 1.079037 
-1.414972 -1.334794 -1.214283 -1.088065 -0.932119 -0.817194 -0.754261 -0.659689 -0.514961 -0.376325 -0.248101 -0.119137 0.012755 0.122845 0.271425 0.527796 0.758775 0.899392 0.975705 
-1.43661 -1.342623 -1.208384 -1.0741 -0.913112 -0.799306 -0.738369 -0.655656 -0.495423 -0.309094 -0.165807 -0.046616 0.072117 0.199645 0.349762 0.518274 0.672318 0.798575 0.888881 
-1.507846 -1.395236 -1.222409 -1.058377 -0.897662 -0.771598 -0.686363 -0.606626 -0.491027 -0.256193 -0.074588 0.028388 0.119736 0.228212 0.373215 0.514471 0.636462 0.749445 0.834738 
-1.610514 -1.503714 -1.26909 -1.02479 -0.844224 -0.714065 -0.613842 -0.528111 -0.44179 -0.269353 0.000196 0.112629 0.175848 0.256701 0.396202 0.536053 0.645993 0.754455 0.831557 
-1.676401 -1.605203 -1.329106 -0.934343 -0.730623 -0.626476 -0.533295 -0.430732 -0.331905 -0.190608 0.059904 0.183105 0.22816 0.302984 0.452134 0.595109 0.700608 0.808546 0.879238 
-1.63822 -1.542718 -1.171202 -0.780864 -0.633285 -0.55649 -0.459779 -0.335899 -0.222364 -0.095238 0.080532 0.200801 0.265073 0.371492 0.53103 0.669543 0.790727 0.901057 0.958424 
-1.515974 -1.35728 -1.00486 -0.741615 -0.606383 -0.51454 -0.402419 -0.267116 -0.143998 -0.023748 0.107788 0.211133 0.30411 0.442697 0.59312 0.744927 0.89965 1.013414 1.071 
-1.37835 -1.205114 -0.918341 -0.685519 -0.538385 -0.432816 -0.310677 -0.177404 -0.061917 0.047957 0.152852 0.245499 0.363919 0.499948 0.634603 0.828286 1.028722 1.166164 1.255235 
-1.150614 -0.954731 -0.672022 -0.455182 -0.345674 -0.267783 -0.167168 -0.066665 0.028387 0.12928 0.219576 0.324946 0.466906 0.56987 0.675857 0.968359 1.243072 1.393819 1.492488 
-0.161635 -0.063704 -0.018786 -0.042416 -0.083034 -0.094014 -0.056253 0.01292 0.112746 0.217214 0.314486 0.459571 0.604854 0.681038 0.786417 1.229012 1.5582 1.679535 1.762596 
0.600492 0.487768 0.314725 0.171927 0.080343 0.029045 0.037692 0.119426 0.23965 0.332083 0.435443 0.603205 0.74803 0.848806 1.007717 1.437458 1.84465 1.991587 2.070826 
0.82378 0.723271 0.53636 0.373345 0.305736 0.288647 0.316541 0.38201 0.422631 0.460155 0.554792 0.725809 0.886949 1.036036 1.23212 1.560489 1.997581 2.221225 2.30423 
1.004189 0.975125 0.914853 0.848239 0.80478 0.756057 0.697032 0.635772 0.574381 0.569052 0.671372 0.840495 0.99587 1.172852 1.399342 1.693011 2.053496 2.307715 2.405535 
1.103511 1.09728 1.074908 1.019833 0.951188 0.870935 0.784183 0.715525 0.65702 0.650975 0.762887 0.906189 1.045033 1.2488 1.513549 1.803584 2.097151 2.32406 2.435008 
