-0.835293 -0.940811 -1.123881 -1.33535 -1.481888 -1.584519 -1.66016 -1.661228 -1.584675 -1.487921 -1.418403 -1.375388 -1.364221 -1.398222 -1.47363 -1.563755 -1.650802 -1.699883 -1.712897 
-0.739524 -0.814564 -0.966733 -1.18192 -1.325354 -1.391507 -1.470282 -1.496183 -1.435789 -1.372274 -1.32259 -1.286369 -1.278118 -1.310103 -1.391227 -1.500102 -1.603187 -1.640245 -1.638994 
-0.619843 -0.633559 -0.661693 -0.738676 -0.85034 -0.937049 -1.03674 -1.147542 -1.194691 -1.197136 -1.171856 -1.148782 -1.154656 -1.192154 -1.269013 -1.385814 -1.473461 -1.497893 -1.513268 
-0.499973 -0.506864 -0.526285 -0.570201 -0.644916 -0.717227 -0.787076 -0.89602 -0.981891 -0.999648 -0.989747 -1.00054 -1.026379 -1.058412 -1.10973 -1.199259 -1.261259 -1.313397 -1.355101 
-0.325947 -0.358969 -0.417421 -0.47773 -0.54113 -0.59352 -0.652501 -0.750658 -0.831384 -0.844963 -0.839889 -0.85605 -0.884094 -0.900023 -0.892091 -0.88273 -0.992948 -1.098051 -1.151865 
-0.107884 -0.148361 -0.220694 -0.301959 -0.383506 -0.445948 -0.513628 -0.631534 -0.746508 -0.767142 -0.748676 -0.730876 -0.729373 -0.723871 -0.688144 -0.688217 -0.782425 -0.887221 -0.947488 
0.126623 0.066893 -0.023005 -0.115454 -0.216137 -0.291142 -0.334261 -0.40816 -0.586072 -0.682734 -0.658185 -0.609614 -0.581533 -0.579083 -0.582127 -0.607788 -0.666784 -0.730478 -0.774812 
0.357088 0.251358 0.102571 -0.001738 -0.075949 -0.137242 -0.158599 -0.145136 -0.197944 -0.447583 -0.539329 -0.49234 -0.453117 -0.457143 -0.491754 -0.526407 -0.563127 -0.59083 -0.607755 
0.58744 0.459387 0.225211 0.076104 0.042504 0.027406 -0.000186 0.002683 0.017682 -0.103199 -0.335921 -0.342652 -0.323155 -0.329567 -0.360712 -0.390675 -0.417857 -0.439722 -0.448661 
0.816533 0.726138 0.478576 0.262274 0.224684 0.207569 0.161532 0.128854 0.133481 0.116254 -0.036717 -0.145904 -0.185362 -0.20655 -0.214541 -0.223804 -0.247143 -0.274054 -0.287683 
0.99901 0.959619 0.830215 0.638542 0.495024 0.393405 0.303386 0.234474 0.208642 0.190324 0.108766 0.005018 -0.056326 -0.082201 -0.082492 -0.088101 -0.100129 -0.118483 -0.142112 
1.10554 1.061022 0.933297 0.774912 0.639782 0.528564 0.419035 0.319314 0.261759 0.226569 0.173443 0.107451 0.056729 0.025208 0.007394 0.001437 0.009141 0.008232 -0.007143 
1.14411 1.080754 0.96114 0.837316 0.729946 0.635592 0.540479 0.443767 0.359381 0.289659 0.234342 0.189961 0.157376 0.122509 0.077289 0.063591 0.093289 0.122029 0.140945 
1.198947 1.140697 1.041781 0.942005 0.852635 0.759766 0.660875 0.572235 0.488506 0.4048 0.332069 0.286248 0.268861 0.247756 0.191792 0.155053 0.204821 0.256535 0.29544 
1.611713 1.516311 1.332106 1.149429 1.007577 0.879012 0.751472 0.649988 0.569361 0.508154 0.4554 0.410271 0.391197 0.385802 0.380832 0.360331 0.381996 0.42808 0.469947 
2.020339 1.835811 1.546087 1.291962 1.111495 0.96102 0.822688 0.71515 0.639321 0.592386 0.558365 0.525665 0.511812 0.531058 0.589447 0.628769 0.609309 0.647297 0.691075 
2.220969 2.065758 1.760045 1.446911 1.241824 1.089484 0.947935 0.831538 0.739779 0.680562 0.64588 0.626774 0.630126 0.671806 0.756738 0.845664 0.859818 0.870786 0.899223 
2.372312 2.274253 2.048895 1.751062 1.517136 1.313496 1.115919 0.973885 0.855956 0.770115 0.742947 0.742609 0.745461 0.779683 0.863372 0.965224 1.027207 1.03795 1.044171 
2.435471 2.341128 2.129984 1.847675 1.607491 1.378173 1.161808 1.033542 0.935317 0.841473 0.819207 0.826913 0.827094 0.852388 0.927823 1.022984 1.094492 1.123764 1.130774 
