-0.547725 -0.50313 -0.448729 -0.398322 -0.349308 -0.298059 -0.247718 -0.1659 -0.062241 -0.003968 0.049479 0.104804 0.171694 0.27775 0.326992 0.361406 0.418463 0.483461 0.558087 0.654967 0.750017 0.82577 0.871444 0.923355 0.987029 1.036274 1.087192 1.131505 1.178648 1.246702 1.301941 1.336981 1.381179 1.436387 1.497776 1.553233 1.590019 1.623551 1.649321 1.668505 1.68787 1.704859 1.714818 
-0.579553 -0.544812 -0.480835 -0.416509 -0.358003 -0.300775 -0.239809 -0.155425 -0.075609 -0.020176 0.048209 0.118193 0.190482 0.27215 0.315527 0.356393 0.424658 0.492196 0.56616 0.655698 0.73558 0.810092 0.862961 0.923497 0.99138 1.040963 1.093543 1.142512 1.189848 1.248509 1.30891 1.349637 1.391554 1.445895 1.497564 1.537734 1.575802 1.618735 1.651108 1.671564 1.691584 1.708741 1.718734 
-0.620514 -0.604114 -0.550208 -0.458204 -0.376621 -0.311548 -0.241816 -0.157538 -0.097001 -0.059443 -0.003248 0.087569 0.189327 0.262288 0.304657 0.356266 0.430753 0.500972 0.578595 0.652913 0.707142 0.770984 0.831784 0.89109 0.94977 0.998957 1.064744 1.14167 1.203489 1.254453 1.310522 1.358643 1.401417 1.453711 1.494112 1.521769 1.555482 1.607767 1.654682 1.681632 1.704839 1.720564 1.729155 
-0.673899 -0.657545 -0.622871 -0.532544 -0.421545 -0.353463 -0.297594 -0.219696 -0.183447 -0.184492 -0.169494 -0.10713 0.043264 0.185811 0.255379 0.314638 0.394447 0.478932 0.564172 0.623339 0.646906 0.666879 0.693749 0.728805 0.764449 0.803203 0.863479 0.992118 1.143656 1.217122 1.265575 1.312808 1.372443 1.446013 1.483604 1.499698 1.522368 1.585977 1.669128 1.703983 1.721375 1.731303 1.737214 
-0.72083 -0.70046 -0.672251 -0.611925 -0.543062 -0.516919 -0.481021 -0.388661 -0.296992 -0.246376 -0.20877 -0.159583 -0.067714 0.038544 0.11493 0.163839 0.221157 0.314233 0.421326 0.498951 0.531067 0.569129 0.627266 0.680433 0.718752 0.755811 0.797404 0.853706 0.937385 1.007497 1.061155 1.093155 1.151446 1.301467 1.398618 1.373629 1.318096 1.38217 1.63126 1.714178 1.729842 1.7373 1.741685 
-0.781357 -0.762291 -0.729052 -0.656903 -0.612637 -0.578153 -0.525197 -0.431034 -0.339551 -0.280608 -0.224532 -0.14561 -0.048105 0.031175 0.095349 0.14342 0.19212 0.267139 0.360379 0.451292 0.500941 0.544706 0.608366 0.66416 0.705936 0.754047 0.809304 0.861196 0.907593 0.947908 1.005054 1.040229 1.063521 1.111737 1.174328 1.180753 1.173283 1.200622 1.42136 1.692124 1.735046 1.74167 1.744739 
-0.85337 -0.838247 -0.786893 -0.671696 -0.633211 -0.600857 -0.54239 -0.452171 -0.376206 -0.319188 -0.243284 -0.127052 -0.027433 0.040653 0.10117 0.157399 0.21173 0.275917 0.34958 0.427673 0.483074 0.532842 0.592895 0.643797 0.692708 0.759413 0.830418 0.880302 0.916013 0.947349 0.999749 1.04218 1.069361 1.098134 1.126038 1.150297 1.163703 1.177112 1.303748 1.664009 1.73422 1.740398 1.742732 
-0.911255 -0.893619 -0.808237 -0.705229 -0.663218 -0.624356 -0.563 -0.473995 -0.408205 -0.363546 -0.291357 -0.164924 -0.053704 0.016256 0.08723 0.168099 0.228952 0.284881 0.348909 0.412647 0.466118 0.526195 0.579924 0.620575 0.678971 0.767939 0.844103 0.891754 0.924803 0.953457 0.99751 1.048153 1.083125 1.106583 1.127603 1.151647 1.166917 1.179418 1.31352 1.669118 1.729318 1.735044 1.737163 
-0.95021 -0.929728 -0.827981 -0.762005 -0.718912 -0.663944 -0.592665 -0.503498 -0.440924 -0.42104 -0.401921 -0.345524 -0.23821 -0.164807 -0.08912 0.058787 0.181751 0.257217 0.322754 0.372959 0.412143 0.474453 0.535499 0.572132 0.616201 0.714817 0.803587 0.862947 0.91668 0.956461 0.995157 1.053075 1.095834 1.118775 1.140822 1.161598 1.173051 1.18514 1.331912 1.66996 1.720909 1.725453 1.726732 
-0.97446 -0.942974 -0.860847 -0.818342 -0.786169 -0.73252 -0.638111 -0.553026 -0.517776 -0.48702 -0.443818 -0.384645 -0.290697 -0.226555 -0.176193 -0.090926 0.008614 0.085865 0.151352 0.19543 0.223687 0.267296 0.326548 0.382814 0.420091 0.46952 0.547097 0.615227 0.734469 0.856403 0.904666 0.996792 1.097837 1.137734 1.156216 1.167375 1.175672 1.186197 1.309207 1.651901 1.71258 1.71435 1.71165 
-1.007607 -0.9651 -0.907481 -0.867826 -0.839969 -0.801943 -0.669349 -0.588919 -0.565637 -0.52952 -0.468035 -0.382271 -0.299644 -0.241814 -0.176978 -0.088933 -0.016025 0.039483 0.096784 0.143189 0.178482 0.222437 0.270343 0.328701 0.386249 0.423416 0.468285 0.505186 0.54114 0.593368 0.622892 0.698811 0.975089 1.137643 1.160221 1.165879 1.172442 1.180757 1.260456 1.609207 1.701626 1.701768 1.697548 
-1.049712 -1.011129 -0.959276 -0.920217 -0.896538 -0.852936 -0.669767 -0.617825 -0.603127 -0.571899 -0.490137 -0.385856 -0.319933 -0.266272 -0.17984 -0.071755 -0.005238 0.046216 0.092425 0.130927 0.170948 0.228066 0.28002 0.331697 0.392499 0.428954 0.462144 0.503338 0.530104 0.556142 0.577737 0.598866 0.737352 1.08706 1.156183 1.160631 1.163063 1.167638 1.217273 1.536493 1.66565 1.676044 1.6783 
-1.071794 -1.056621 -1.031375 -1.007767 -0.983327 -0.897175 -0.706161 -0.661899 -0.648434 -0.622735 -0.523997 -0.407151 -0.344075 -0.294198 -0.209429 -0.100711 -0.032565 0.039895 0.083957 0.115636 0.165703 0.238428 0.295337 0.344401 0.404448 0.439329 0.466069 0.505338 0.532574 0.556469 0.581283 0.596902 0.637867 0.937923 1.13736 1.149275 1.147907 1.149853 1.204098 1.511005 1.625497 1.644351 1.653095 
-1.098172 -1.102773 -1.115355 -1.117133 -1.070707 -0.881347 -0.748243 -0.707609 -0.687805 -0.670198 -0.59189 -0.447578 -0.377198 -0.344758 -0.326895 -0.304925 -0.248942 -0.089721 0.035563 0.064254 0.113508 0.212309 0.297124 0.354247 0.416014 0.452636 0.47668 0.508755 0.537933 0.563881 0.588524 0.602519 0.617553 0.771074 1.092596 1.130285 1.131529 1.135236 1.199694 1.507881 1.605 1.614549 1.616426 
-1.158314 -1.167194 -1.185593 -1.191977 -1.132156 -0.871611 -0.786059 -0.756257 -0.731195 -0.717161 -0.677646 -0.53174 -0.474731 -0.460755 -0.430157 -0.392278 -0.361042 -0.292952 -0.17066 -0.156664 -0.134076 -0.045275 0.11082 0.275288 0.40584 0.462176 0.487253 0.517002 0.54791 0.575117 0.595539 0.607874 0.618205 0.696703 1.018856 1.095642 1.105694 1.113603 1.179424 1.490554 1.582979 1.579873 1.574975 
-1.220634 -1.234288 -1.246266 -1.245817 -1.179087 -0.892931 -0.821022 -0.812382 -0.802182 -0.784305 -0.714626 -0.544619 -0.507291 -0.48928 -0.459941 -0.422144 -0.381779 -0.327843 -0.257683 -0.223117 -0.181373 -0.1326 -0.08487 0.009589 0.230631 0.434919 0.494243 0.52662 0.560018 0.586358 0.600524 0.61081 0.619384 0.677363 0.954527 1.042201 1.059938 1.076074 1.136873 1.436767 1.530514 1.535525 1.540272 
-1.278909 -1.298259 -1.304079 -1.298619 -1.238417 -0.940743 -0.866931 -0.876681 -0.883999 -0.865181 -0.704603 -0.53952 -0.517364 -0.499692 -0.4751 -0.446574 -0.39355 -0.3193 -0.268654 -0.231698 -0.180293 -0.136344 -0.104225 -0.065859 0.01387 0.296149 0.483288 0.531363 0.572455 0.591429 0.599229 0.607633 0.617537 0.691616 0.939095 1.007275 1.024061 1.039908 1.126279 1.410169 1.472708 1.489458 1.501678 
-1.357839 -1.367861 -1.366494 -1.35855 -1.30539 -1.035926 -0.951538 -0.942959 -0.934927 -0.905411 -0.688062 -0.550868 -0.533569 -0.516312 -0.490568 -0.464557 -0.411049 -0.324027 -0.26076 -0.204276 -0.131531 -0.087412 -0.066008 -0.02504 0.07056 0.297292 0.426573 0.489809 0.560186 0.578683 0.585982 0.595539 0.618221 0.745128 0.926438 0.97044 0.987011 0.998159 1.11669 1.399987 1.446161 1.456344 1.464274 
-1.418514 -1.417525 -1.408804 -1.390444 -1.296445 -1.066772 -1.008551 -0.990555 -0.968697 -0.89948 -0.64859 -0.567386 -0.554162 -0.540495 -0.517908 -0.490405 -0.468364 -0.3798 -0.139011 0.005993 0.092569 0.130135 0.14729 0.212324 0.287629 0.358736 0.415157 0.466084 0.529681 0.556454 0.569737 0.582634 0.627421 0.808002 0.902095 0.924349 0.937185 0.949132 1.050164 1.355477 1.413642 1.416161 1.419155 
-1.462458 -1.455037 -1.442455 -1.404248 -1.220058 -1.065618 -1.034282 -1.020115 -0.992471 -0.820774 -0.60943 -0.579264 -0.570371 -0.559333 -0.539942 -0.500692 -0.486091 -0.432161 -0.138444 0.078562 0.158462 0.191385 0.218765 0.277066 0.316688 0.356227 0.411492 0.456552 0.50528 0.536113 0.552072 0.569423 0.652277 0.819889 0.856406 0.871353 0.888463 0.907706 0.990392 1.27746 1.345079 1.35635 1.368588 
-1.500663 -1.489084 -1.475979 -1.411182 -1.157743 -1.078386 -1.058088 -1.040501 -0.986468 -0.711938 -0.598574 -0.58689 -0.58087 -0.573058 -0.548872 -0.500019 -0.484345 -0.460352 -0.321662 -0.026925 0.139495 0.19021 0.222695 0.274311 0.316422 0.356939 0.407545 0.442302 0.478398 0.513569 0.531126 0.554677 0.698841 0.790601 0.807565 0.824464 0.848123 0.875438 0.980733 1.221346 1.275693 1.293737 1.30723 
-1.529512 -1.518604 -1.504058 -1.410911 -1.145777 -1.095401 -1.084271 -1.067337 -0.966954 -0.659695 -0.598892 -0.591431 -0.584966 -0.57752 -0.557683 -0.514394 -0.484862 -0.464047 -0.413611 -0.282673 -0.096897 0.034245 0.140011 0.256111 0.317042 0.35286 0.399412 0.432903 0.459513 0.492699 0.515716 0.561446 0.694524 0.744192 0.764954 0.789518 0.820952 0.867985 1.01745 1.15611 1.206641 1.230603 1.240696 
-1.564094 -1.55957 -1.54632 -1.43129 -1.155123 -1.113703 -1.112025 -1.108974 -1.026903 -0.688081 -0.602651 -0.593404 -0.585124 -0.575134 -0.559992 -0.528529 -0.482214 -0.443212 -0.402377 -0.346326 -0.28258 -0.238667 -0.17397 0.023337 0.229777 0.298096 0.327829 0.370498 0.409342 0.450608 0.493328 0.55639 0.630893 0.681229 0.711978 0.742762 0.797078 0.922116 1.0267 1.076508 1.123966 1.167293 1.19333 
-1.599803 -1.603945 -1.603498 -1.510464 -1.190913 -1.132179 -1.133485 -1.137008 -1.114987 -0.856676 -0.618917 -0.593644 -0.583373 -0.570708 -0.557048 -0.528491 -0.473828 -0.42891 -0.397824 -0.354371 -0.298102 -0.264657 -0.230783 -0.170628 -0.057713 0.075707 0.114641 0.160484 0.26056 0.382091 0.465062 0.533289 0.589486 0.631534 0.662348 0.693148 0.794041 0.953702 0.998361 1.02849 1.065635 1.113559 1.154863 
-1.621904 -1.629974 -1.636923 -1.5898 -1.266504 -1.14772 -1.145496 -1.147698 -1.140932 -1.022572 -0.672296 -0.596266 -0.580099 -0.566334 -0.550977 -0.525503 -0.484766 -0.439716 -0.407163 -0.366332 -0.302892 -0.252924 -0.211587 -0.169772 -0.091071 0.020105 0.06971 0.116572 0.230491 0.359711 0.443156 0.514724 0.565928 0.60062 0.629825 0.679126 0.816357 0.91821 0.957319 0.991146 1.029371 1.06959 1.108547 
-1.644125 -1.650212 -1.655029 -1.619695 -1.31492 -1.159936 -1.151251 -1.149163 -1.143517 -1.099343 -0.857276 -0.652341 -0.588333 -0.56662 -0.547448 -0.525468 -0.497298 -0.454782 -0.422877 -0.391023 -0.320149 -0.241616 -0.196937 -0.155878 -0.070134 0.014983 0.062983 0.126504 0.238472 0.331749 0.4057 0.489862 0.545474 0.577207 0.614533 0.710701 0.799966 0.861289 0.908502 0.951214 1.00282 1.024602 1.017994 
-1.672894 -1.67618 -1.676778 -1.63189 -1.306322 -1.163521 -1.152547 -1.146678 -1.138143 -1.117547 -1.067234 -0.938981 -0.734549 -0.639224 -0.592788 -0.555082 -0.534793 -0.507071 -0.487658 -0.506471 -0.484283 -0.36002 -0.256293 -0.172617 -0.055963 0.014086 0.062408 0.147798 0.248362 0.303197 0.353443 0.437841 0.496035 0.511039 0.553121 0.69081 0.74854 0.785199 0.836425 0.910654 0.985489 0.99011 0.974961 
-1.698625 -1.698167 -1.694754 -1.657745 -1.33547 -1.164352 -1.152128 -1.143206 -1.129627 -1.111535 -1.093697 -1.064691 -0.989874 -0.906533 -0.84464 -0.77606 -0.732332 -0.703243 -0.654797 -0.626806 -0.598723 -0.54854 -0.48945 -0.393595 -0.188014 -0.07337 -0.010993 0.088616 0.191203 0.240748 0.258647 0.271033 0.291213 0.324845 0.408405 0.585384 0.684689 0.716036 0.749206 0.868249 0.949935 0.955093 0.946689 
-1.71166 -1.709681 -1.705648 -1.682987 -1.387809 -1.164352 -1.150639 -1.141132 -1.126079 -1.107112 -1.087919 -1.062823 -1.014005 -0.955814 -0.910486 -0.864323 -0.805312 -0.754397 -0.69513 -0.648043 -0.610953 -0.565441 -0.527632 -0.480057 -0.390103 -0.310617 -0.24126 -0.154062 -0.065213 0.010479 0.075246 0.122463 0.175631 0.25805 0.362896 0.511387 0.620929 0.666614 0.706776 0.847413 0.90931 0.913682 0.908615 
-1.716243 -1.716256 -1.715325 -1.707057 -1.529299 -1.185549 -1.151001 -1.141062 -1.126873 -1.105953 -1.080604 -1.050639 -1.00457 -0.95398 -0.912087 -0.872661 -0.818518 -0.761132 -0.713076 -0.66716 -0.618448 -0.559038 -0.510433 -0.460986 -0.400963 -0.342705 -0.274859 -0.19725 -0.130984 -0.056323 0.038257 0.097177 0.139937 0.213333 0.334941 0.461972 0.55491 0.613066 0.669926 0.78349 0.841736 0.853255 0.853044 
-1.720413 -1.719388 -1.71734 -1.712226 -1.660291 -1.323866 -1.16521 -1.144328 -1.131634 -1.112206 -1.080493 -1.042505 -0.997142 -0.953635 -0.916629 -0.880079 -0.828465 -0.769611 -0.72775 -0.687295 -0.629604 -0.556097 -0.494222 -0.442107 -0.392722 -0.337614 -0.268569 -0.199543 -0.143976 -0.077547 0.017449 0.08107 0.122696 0.196862 0.305097 0.392366 0.473571 0.538465 0.595209 0.672033 0.747655 0.787906 0.802183 
-1.723927 -1.719066 -1.711799 -1.70386 -1.688035 -1.616105 -1.391816 -1.27015 -1.243631 -1.228238 -1.198959 -1.138391 -1.060669 -0.981583 -0.928576 -0.888062 -0.840012 -0.788427 -0.743835 -0.704806 -0.654772 -0.58379 -0.504434 -0.432657 -0.38244 -0.329336 -0.263477 -0.204582 -0.155748 -0.098826 -0.008649 0.065903 0.119311 0.206982 0.284886 0.335449 0.401242 0.46369 0.51831 0.58665 0.670995 0.729276 0.754259 
-1.723731 -1.715335 -1.702436 -1.692049 -1.679593 -1.661972 -1.614307 -1.539257 -1.503428 -1.4806 -1.458501 -1.418901 -1.352428 -1.224628 -1.087135 -1.000312 -0.926723 -0.875924 -0.841874 -0.808323 -0.774811 -0.732579 -0.656577 -0.528457 -0.426075 -0.356251 -0.28729 -0.231002 -0.180513 -0.127406 -0.046421 0.035923 0.0961 0.180451 0.249346 0.29232 0.356225 0.419952 0.468832 0.524914 0.606175 0.671316 0.701217 
-1.721252 -1.712404 -1.698304 -1.686069 -1.671264 -1.654868 -1.623597 -1.571718 -1.542441 -1.518125 -1.490064 -1.458089 -1.422341 -1.368856 -1.303081 -1.2349 -1.148843 -1.072561 -1.021102 -0.970652 -0.891543 -0.80215 -0.729513 -0.65268 -0.565149 -0.477088 -0.386926 -0.320827 -0.260018 -0.193668 -0.11792 -0.036759 0.020769 0.075893 0.148014 0.230708 0.304029 0.377219 0.437144 0.491191 0.564714 0.624038 0.651843 
-1.718661 -1.710724 -1.70027 -1.68605 -1.66483 -1.646413 -1.62002 -1.579216 -1.551769 -1.527 -1.488034 -1.449488 -1.41473 -1.366504 -1.316521 -1.26259 -1.1889 -1.107411 -1.045305 -0.991609 -0.918124 -0.825992 -0.741514 -0.665495 -0.589535 -0.510749 -0.417186 -0.345546 -0.282455 -0.207713 -0.13365 -0.058488 0.005968 0.061535 0.127922 0.20151 0.265829 0.337476 0.409705 0.475044 0.546012 0.587848 0.606837 
-1.716583 -1.710296 -1.703604 -1.688538 -1.659949 -1.638374 -1.613719 -1.581891 -1.557867 -1.535642 -1.489818 -1.440687 -1.406399 -1.359479 -1.309807 -1.260485 -1.195981 -1.116496 -1.052192 -0.993927 -0.922153 -0.839742 -0.75796 -0.675062 -0.594642 -0.522378 -0.429147 -0.353144 -0.288576 -0.208999 -0.138535 -0.07107 0.001633 0.066617 0.130347 0.186312 0.235852 0.304281 0.393974 0.4822 0.544406 0.56742 0.576748 
