-1.65633 -1.662814 -1.670072 -1.675255 -1.679634 -1.683763 -1.685736 -1.68671 -1.68478 -1.681368 -1.676049 -1.669441 -1.65988 -1.641354 -1.631363 -1.623711 -1.609785 -1.59158 -1.566995 -1.531483 -1.49166 -1.454649 -1.431386 -1.40465 -1.368486 -1.335576 -1.299179 -1.266169 -1.229243 -1.172475 -1.122103 -1.085541 -1.033447 -0.96388 -0.879422 -0.795281 -0.731889 -0.667524 -0.612116 -0.562083 -0.502414 -0.449693 -0.424915 
-1.652581 -1.65729 -1.665134 -1.672065 -1.678024 -1.682922 -1.685052 -1.685643 -1.683196 -1.678003 -1.669066 -1.66158 -1.65375 -1.641362 -1.63261 -1.622404 -1.605534 -1.588069 -1.562989 -1.528257 -1.494918 -1.459552 -1.432169 -1.399769 -1.360621 -1.327226 -1.290392 -1.254867 -1.217538 -1.167915 -1.113227 -1.071577 -1.022727 -0.953876 -0.883185 -0.822161 -0.75679 -0.673537 -0.600192 -0.541423 -0.475762 -0.421862 -0.39698 
-1.644851 -1.646809 -1.653159 -1.66383 -1.672727 -1.677354 -1.678604 -1.677792 -1.664852 -1.62327 -1.571007 -1.584402 -1.618553 -1.631235 -1.627731 -1.614237 -1.596542 -1.580637 -1.553974 -1.521674 -1.495203 -1.454776 -1.400265 -1.332927 -1.27947 -1.252862 -1.235376 -1.22113 -1.194294 -1.154908 -1.103446 -1.054676 -1.006921 -0.941535 -0.886394 -0.844381 -0.787497 -0.685141 -0.57395 -0.489417 -0.410695 -0.362955 -0.342607 
-1.630312 -1.633582 -1.638216 -1.646384 -1.641933 -1.611307 -1.581011 -1.558579 -1.460913 -1.323647 -1.264816 -1.292919 -1.406954 -1.515086 -1.535541 -1.521565 -1.528238 -1.531478 -1.501837 -1.449286 -1.384707 -1.270558 -1.122802 -1.025036 -0.985208 -0.970911 -0.976095 -1.033213 -1.093279 -1.088563 -1.035152 -0.977085 -0.949668 -0.9141 -0.880789 -0.844279 -0.78334 -0.656011 -0.481153 -0.380169 -0.326654 -0.300583 -0.285831 
-1.617557 -1.622058 -1.622899 -1.577281 -1.393662 -1.266043 -1.232264 -1.231143 -1.218243 -1.20641 -1.204612 -1.208845 -1.224174 -1.243424 -1.238754 -1.22933 -1.238049 -1.241102 -1.209382 -1.152653 -1.104303 -1.053732 -0.997944 -0.954574 -0.926732 -0.904019 -0.87952 -0.8534 -0.830011 -0.806401 -0.732823 -0.678293 -0.684426 -0.751115 -0.774582 -0.676953 -0.521335 -0.407118 -0.33282 -0.287903 -0.260613 -0.245932 -0.235428 
-1.60176 -1.604564 -1.579898 -1.346485 -1.175857 -1.158646 -1.164533 -1.179223 -1.189789 -1.193955 -1.198085 -1.200406 -1.197316 -1.189544 -1.180307 -1.172706 -1.163431 -1.144726 -1.116826 -1.083424 -1.060937 -1.036489 -0.997987 -0.961288 -0.932323 -0.898096 -0.855927 -0.811384 -0.768609 -0.725987 -0.650645 -0.596967 -0.563574 -0.525159 -0.471747 -0.375483 -0.304445 -0.271187 -0.242697 -0.183305 -0.155178 -0.16149 -0.170888 
-1.583069 -1.579704 -1.483453 -1.196409 -1.14487 -1.147171 -1.157044 -1.172218 -1.182423 -1.187101 -1.19099 -1.194082 -1.190147 -1.181249 -1.17296 -1.165163 -1.154686 -1.138372 -1.115473 -1.086727 -1.063534 -1.0389 -1.005695 -0.975179 -0.942615 -0.890454 -0.832041 -0.789548 -0.75628 -0.719665 -0.646027 -0.57822 -0.524967 -0.463802 -0.395635 -0.318461 -0.270168 -0.246119 -0.196098 -0.060903 -0.03912 -0.061154 -0.08618 
-1.567894 -1.549354 -1.34619 -1.139963 -1.129306 -1.136644 -1.147963 -1.163363 -1.170755 -1.159878 -1.1185 -1.109112 -1.128136 -1.125387 -1.131152 -1.142046 -1.142943 -1.133016 -1.112819 -1.08736 -1.06309 -1.035329 -1.009298 -0.985888 -0.945388 -0.874557 -0.812292 -0.774405 -0.745899 -0.711579 -0.644398 -0.557424 -0.486985 -0.431379 -0.366755 -0.281575 -0.229959 -0.209464 -0.144523 0.013634 0.03121 0.014473 -0.005693 
-1.551501 -1.493535 -1.208807 -1.101602 -1.10692 -1.120842 -1.133681 -1.134106 -1.097455 -0.972482 -0.81231 -0.782263 -0.808987 -0.81861 -0.857835 -0.966993 -1.054526 -1.077678 -1.06263 -1.028946 -0.99248 -0.968354 -0.963407 -0.941874 -0.873406 -0.802772 -0.760499 -0.737539 -0.722704 -0.693141 -0.633733 -0.529113 -0.43946 -0.372219 -0.2869 -0.206564 -0.169886 -0.151723 -0.080664 0.068659 0.088175 0.085346 0.08184 
-1.504228 -1.351884 -1.11206 -1.074443 -1.081501 -1.093599 -1.073681 -0.921158 -0.780529 -0.716681 -0.699053 -0.705303 -0.715323 -0.720294 -0.726773 -0.747665 -0.77963 -0.793251 -0.778085 -0.746359 -0.719303 -0.704993 -0.702459 -0.667285 -0.601421 -0.565812 -0.538758 -0.537833 -0.57611 -0.596277 -0.552383 -0.457117 -0.353918 -0.259357 -0.177919 -0.136201 -0.11743 -0.1014 -0.044541 0.09682 0.127401 0.144493 0.165455 
-1.234832 -1.106371 -1.048785 -1.052359 -1.06021 -1.050536 -0.854289 -0.67116 -0.652079 -0.661115 -0.679457 -0.698081 -0.7086 -0.712829 -0.714907 -0.713389 -0.707716 -0.698511 -0.684288 -0.671026 -0.658711 -0.639111 -0.615813 -0.582913 -0.543511 -0.511352 -0.472575 -0.44123 -0.416612 -0.380428 -0.342845 -0.316373 -0.258451 -0.164681 -0.108545 -0.082381 -0.067821 -0.057754 -0.024237 0.113667 0.164217 0.194054 0.218479 
-0.978753 -0.988401 -1.008515 -1.025667 -1.031397 -0.981113 -0.694303 -0.622635 -0.624247 -0.636985 -0.665111 -0.692884 -0.70482 -0.709355 -0.710933 -0.706661 -0.697823 -0.687313 -0.676173 -0.666558 -0.654306 -0.630065 -0.604 -0.572395 -0.527136 -0.49494 -0.463439 -0.41943 -0.383231 -0.341211 -0.302043 -0.278354 -0.232113 -0.107254 -0.054204 -0.02862 -0.005405 0.010923 0.041391 0.208564 0.272811 0.276569 0.278576 
-0.939489 -0.94701 -0.959851 -0.971184 -0.97205 -0.866413 -0.624287 -0.596338 -0.599407 -0.609526 -0.646446 -0.684692 -0.69869 -0.700983 -0.684582 -0.648403 -0.64079 -0.661067 -0.669643 -0.664876 -0.65006 -0.621065 -0.593034 -0.560866 -0.51214 -0.480954 -0.453269 -0.406683 -0.368485 -0.32672 -0.279985 -0.251845 -0.221941 -0.098448 0.002131 0.036159 0.068203 0.090265 0.132843 0.331503 0.384903 0.362726 0.34613 
-0.919626 -0.913732 -0.903187 -0.899585 -0.885085 -0.697013 -0.568266 -0.571513 -0.579299 -0.585281 -0.612585 -0.648689 -0.637061 -0.585426 -0.435862 -0.324419 -0.349281 -0.502152 -0.617655 -0.617532 -0.587607 -0.572877 -0.566231 -0.544718 -0.497464 -0.465646 -0.439417 -0.396052 -0.34902 -0.296945 -0.244686 -0.215443 -0.192656 -0.103484 0.075071 0.112057 0.12837 0.138825 0.182693 0.378598 0.432659 0.426877 0.422555 
-0.878208 -0.869771 -0.856986 -0.850255 -0.80628 -0.588662 -0.529472 -0.539756 -0.551236 -0.554724 -0.541574 -0.388095 -0.238254 -0.189766 -0.177058 -0.189635 -0.209391 -0.267805 -0.35904 -0.333692 -0.306659 -0.331582 -0.409018 -0.466894 -0.46286 -0.448162 -0.424193 -0.378813 -0.318973 -0.251844 -0.197996 -0.165671 -0.138971 -0.068844 0.160555 0.203753 0.194989 0.189938 0.225328 0.411734 0.477149 0.492636 0.499406 
-0.831024 -0.819461 -0.812782 -0.812157 -0.766124 -0.552755 -0.499762 -0.496273 -0.496217 -0.498013 -0.416306 -0.136321 -0.088352 -0.103338 -0.12925 -0.157053 -0.183477 -0.21118 -0.23899 -0.246675 -0.250401 -0.255982 -0.266029 -0.293267 -0.367192 -0.423349 -0.404701 -0.353798 -0.273514 -0.194512 -0.15163 -0.121618 -0.09537 -0.028304 0.239128 0.305194 0.285496 0.262492 0.284439 0.486056 0.56086 0.564823 0.557163 
-0.774233 -0.759272 -0.760167 -0.766965 -0.733053 -0.522102 -0.455381 -0.437853 -0.427236 -0.418452 -0.256273 -0.064441 -0.060174 -0.081888 -0.108661 -0.13054 -0.16305 -0.204783 -0.226696 -0.235613 -0.241045 -0.244255 -0.244919 -0.245863 -0.258887 -0.295192 -0.29784 -0.280279 -0.192264 -0.131581 -0.106262 -0.081767 -0.058652 0.035098 0.311316 0.362577 0.347386 0.330864 0.384208 0.608595 0.643702 0.629372 0.614184 
-0.694839 -0.690039 -0.696186 -0.702915 -0.661317 -0.42529 -0.362845 -0.369258 -0.377972 -0.361252 -0.143598 -0.017633 -0.025102 -0.047675 -0.079269 -0.091486 -0.092435 -0.15639 -0.189501 -0.178549 -0.161178 -0.158895 -0.177132 -0.17235 -0.084715 0.088151 0.122964 0.035131 -0.019942 -0.022025 -0.015815 -0.009159 0.006753 0.174347 0.394007 0.411894 0.399187 0.399325 0.47874 0.656001 0.677717 0.671133 0.664232 
-0.635547 -0.640732 -0.650641 -0.654573 -0.560014 -0.317768 -0.288668 -0.309004 -0.330519 -0.289852 -0.032355 0.035815 0.024068 0.006893 -0.007489 0.091834 0.263932 0.214893 0.112566 0.15384 0.193997 0.20196 0.17973 0.169922 0.215572 0.23397 0.217381 0.173816 0.107202 0.073295 0.05713 0.048627 0.088848 0.344365 0.46245 0.46495 0.458021 0.456874 0.510109 0.679736 0.715554 0.719758 0.719651 
-0.5867 -0.597073 -0.607995 -0.598012 -0.400595 -0.239164 -0.24316 -0.261523 -0.268405 -0.134082 0.065208 0.081387 0.071379 0.0596 0.09478 0.331851 0.425489 0.422786 0.34387 0.295429 0.2962 0.299581 0.297595 0.282775 0.271734 0.258096 0.231021 0.197096 0.151136 0.116658 0.095061 0.083654 0.19645 0.47755 0.519547 0.516693 0.507833 0.498244 0.544265 0.746828 0.791401 0.786607 0.775557 
-0.535916 -0.550374 -0.55766 -0.507295 -0.244082 -0.177201 -0.197392 -0.22059 -0.200129 0.019579 0.112556 0.118375 0.124768 0.134635 0.211783 0.401291 0.446743 0.457997 0.435577 0.362652 0.324536 0.315709 0.310429 0.296179 0.283416 0.268842 0.242216 0.218495 0.188474 0.154145 0.133713 0.146337 0.409412 0.562041 0.565148 0.558457 0.546009 0.537447 0.625105 0.838347 0.860277 0.848206 0.836374 
-0.491339 -0.504734 -0.510323 -0.428851 -0.172552 -0.13229 -0.143772 -0.160188 -0.110873 0.09772 0.142522 0.156517 0.178507 0.208897 0.27606 0.387762 0.449493 0.478821 0.506239 0.526411 0.487349 0.432434 0.376685 0.319272 0.294339 0.279597 0.254783 0.234405 0.216876 0.193603 0.194104 0.318716 0.577949 0.606089 0.597335 0.585808 0.574088 0.605097 0.813669 0.928394 0.916334 0.901848 0.896497 
-0.431298 -0.434269 -0.436567 -0.352469 -0.121784 -0.082798 -0.072044 -0.054309 -0.003287 0.134666 0.17664 0.197192 0.218663 0.248787 0.294131 0.365681 0.452621 0.510675 0.550999 0.590009 0.622691 0.631412 0.610387 0.507902 0.380974 0.359181 0.367237 0.339963 0.332468 0.384416 0.512032 0.639119 0.661817 0.645278 0.631149 0.61833 0.629987 0.828107 0.995446 1.001815 0.976305 0.949354 0.9335 
-0.360682 -0.349937 -0.334533 -0.268352 -0.070609 -0.023535 0.002359 0.037381 0.074035 0.153204 0.220063 0.241235 0.264947 0.297525 0.331255 0.386149 0.474697 0.535349 0.565707 0.597397 0.637556 0.660338 0.674674 0.682621 0.666151 0.679434 0.700824 0.690573 0.689516 0.711218 0.718962 0.706375 0.687484 0.6717 0.660894 0.663877 0.790277 1.022613 1.04858 1.037044 1.018342 0.990143 0.963197 
-0.304925 -0.289725 -0.267818 -0.226323 -0.043518 0.03737 0.071709 0.10434 0.129145 0.174831 0.250996 0.272717 0.300348 0.33207 0.363323 0.408566 0.470791 0.530105 0.564244 0.594481 0.638501 0.670557 0.690506 0.706583 0.727981 0.752967 0.761793 0.766197 0.766095 0.756818 0.740855 0.718108 0.699394 0.687619 0.686653 0.756304 0.996752 1.083218 1.075829 1.062905 1.060414 1.073081 1.067797 
-0.239318 -0.231814 -0.219448 -0.188599 0.011791 0.122619 0.14383 0.158593 0.178123 0.23217 0.310143 0.310525 0.323463 0.3486 0.38004 0.416449 0.462061 0.523223 0.563448 0.601386 0.66028 0.692946 0.70443 0.716567 0.740062 0.759321 0.766216 0.77126 0.771792 0.765091 0.751314 0.728303 0.710949 0.704261 0.73629 0.952013 1.110542 1.117176 1.102276 1.105708 1.217459 1.398816 1.487082 
-0.147896 -0.143983 -0.140731 -0.112748 0.086959 0.178283 0.189114 0.201555 0.238589 0.334574 0.431214 0.441771 0.417014 0.420364 0.436451 0.454833 0.506688 0.586228 0.658277 0.786895 0.884296 0.840001 0.779196 0.75385 0.758399 0.768141 0.773038 0.777221 0.776701 0.773247 0.767536 0.757911 0.765619 0.82078 0.966298 1.128599 1.156507 1.150082 1.138955 1.217714 1.493211 1.584712 1.605735 
-0.050777 -0.057787 -0.068536 -0.056672 0.11131 0.210751 0.227803 0.255145 0.31791 0.413262 0.480733 0.522788 0.592139 0.660575 0.692881 0.716944 0.797895 0.873209 0.940805 1.002701 1.031005 1.036072 1.021337 0.982627 0.906181 0.868578 0.866435 0.866728 0.850048 0.844718 0.890051 0.996168 1.096993 1.179608 1.214885 1.199996 1.182863 1.176893 1.190378 1.409067 1.597863 1.616483 1.622419 
0.028379 0.018577 0.010073 0.018221 0.146853 0.25107 0.273901 0.311589 0.369587 0.442281 0.500113 0.551043 0.634096 0.717891 0.773074 0.822927 0.887314 0.938752 0.984374 1.017534 1.039704 1.062512 1.080569 1.097394 1.112735 1.117419 1.130444 1.144922 1.143413 1.149338 1.193563 1.227873 1.240805 1.246391 1.242783 1.221007 1.200369 1.193602 1.236451 1.515129 1.621587 1.630832 1.635237 
0.106342 0.117485 0.135567 0.157129 0.214052 0.282434 0.305303 0.341817 0.389657 0.454014 0.518907 0.579855 0.659503 0.733165 0.784204 0.827897 0.885131 0.939478 0.975749 1.006429 1.036582 1.069894 1.095412 1.117378 1.138603 1.156072 1.176763 1.1981 1.213322 1.226815 1.240577 1.247203 1.250088 1.250737 1.245413 1.229724 1.21585 1.222636 1.347239 1.59893 1.643188 1.647835 1.650489 
0.176547 0.19009 0.209698 0.23452 0.27656 0.316386 0.330726 0.368453 0.412849 0.469814 0.54207 0.612895 0.685891 0.745484 0.788858 0.829424 0.882475 0.934451 0.966475 0.994649 1.032158 1.075511 1.107013 1.129668 1.147686 1.165403 1.186678 1.204721 1.217192 1.229822 1.243274 1.249439 1.251967 1.25356 1.250702 1.244144 1.256424 1.372646 1.59871 1.672447 1.670258 1.665892 1.664069 
0.232662 0.24466 0.27159 0.310556 0.374298 0.448062 0.478504 0.509277 0.540698 0.589156 0.655176 0.7078 0.747824 0.775164 0.803438 0.84097 0.885958 0.927822 0.963827 0.99758 1.049791 1.121667 1.151646 1.154966 1.161861 1.177242 1.197257 1.211628 1.221653 1.233233 1.247093 1.255321 1.259628 1.262012 1.261245 1.278405 1.416456 1.639036 1.700633 1.699829 1.689022 1.681121 1.676869 
0.284059 0.3032 0.342316 0.391478 0.462997 0.540044 0.643253 0.755877 0.796214 0.836529 0.883331 0.92435 0.948369 0.939548 0.930378 0.9475 0.976546 1.02016 1.084621 1.149786 1.271931 1.402614 1.415455 1.335668 1.270387 1.264608 1.282339 1.294693 1.298423 1.313331 1.336454 1.358209 1.375991 1.366307 1.353581 1.44973 1.650669 1.715301 1.719256 1.713153 1.702835 1.694126 1.688611 
0.318762 0.346701 0.392154 0.445421 0.519089 0.58241 0.660909 0.770363 0.823872 0.867636 0.918599 0.967141 1.010795 1.059883 1.110949 1.158746 1.216676 1.282703 1.341184 1.384301 1.444141 1.503531 1.536428 1.550117 1.552326 1.564457 1.585751 1.601563 1.610095 1.628959 1.655042 1.674805 1.683927 1.676224 1.666099 1.699737 1.725938 1.72835 1.725561 1.719789 1.711109 1.703472 1.69793 
0.34466 0.381544 0.423171 0.477475 0.55577 0.609816 0.670443 0.756916 0.810171 0.854876 0.921692 0.981518 1.028561 1.085232 1.138175 1.188988 1.252484 1.319013 1.367581 1.404652 1.448865 1.498 1.539803 1.573261 1.601422 1.626092 1.650497 1.668718 1.683748 1.699861 1.714523 1.725563 1.731127 1.732574 1.732761 1.734758 1.734833 1.732166 1.728891 1.723812 1.716879 1.711825 1.707857 
0.371539 0.409099 0.440605 0.492392 0.576154 0.62977 0.684253 0.751644 0.799039 0.838739 0.913664 0.989906 1.037661 1.093485 1.146569 1.193797 1.249257 1.313837 1.364315 1.404957 1.447768 1.490835 1.53179 1.570531 1.603834 1.627402 1.651486 1.671242 1.687822 1.705832 1.719379 1.728462 1.73407 1.736266 1.736759 1.737085 1.73632 1.733769 1.73058 1.726335 1.720945 1.717513 1.715483 
