-0.028237 -0.069001 -0.109765 -0.150529 -0.191293 -0.232057 -0.272821 -0.313585 -0.354349 -0.395113 -0.435877 -0.476641 -0.517405 -0.558169 -0.598933 -0.639697 -0.680461 -0.721225 -0.761989 -0.802753 -0.843517 -0.884281 -0.925045 -0.965809 -1.006573 -1.047337 -1.088101 -1.128865 -1.169629 -1.210393 -1.251157 -1.291921 -1.332686 -1.37345 -1.414214 
0.021503 -0.019261 -0.060025 -0.100789 -0.141553 -0.182317 -0.223081 -0.263845 -0.304609 -0.345373 -0.386137 -0.426901 -0.467665 -0.508429 -0.549193 -0.589957 -0.630721 -0.671485 -0.712249 -0.753013 -0.793778 -0.834542 -0.875306 -0.91607 -0.956834 -0.997598 -1.038362 -1.079126 -1.11989 -1.160654 -1.201418 -1.242182 -1.282946 -1.32371 -1.364474 
0.071243 0.030479 -0.010285 -0.051049 -0.091813 -0.132577 -0.173341 -0.214105 -0.25487 -0.295634 -0.336398 -0.377162 -0.417926 -0.45869 -0.499454 -0.540218 -0.580982 -0.621746 -0.66251 -0.703274 -0.744038 -0.784802 -0.825566 -0.86633 -0.907094 -0.947858 -0.988622 -1.029386 -1.07015 -1.110914 -1.151678 -1.192442 -1.233206 -1.27397 -1.314734 
0.120982 0.080218 0.039454 -0.00131 -0.042074 -0.082838 -0.123602 -0.164366 -0.20513 -0.245894 -0.286658 -0.327422 -0.368186 -0.40895 -0.449714 -0.490478 -0.531242 -0.572006 -0.61277 -0.653534 -0.694298 -0.735062 -0.775826 -0.81659 -0.857354 -0.898118 -0.938882 -0.979646 -1.02041 -1.061174 -1.101938 -1.142702 -1.183467 -1.224231 -1.264995 
0.170722 0.129958 0.089194 0.04843 0.007666 -0.033098 -0.073862 -0.114626 -0.15539 -0.196154 -0.236918 -0.277682 -0.318446 -0.35921 -0.399974 -0.440738 -0.481502 -0.522266 -0.56303 -0.603794 -0.644559 -0.685323 -0.726087 -0.766851 -0.807615 -0.848379 -0.889143 -0.929907 -0.970671 -1.011435 -1.052199 -1.092963 -1.133727 -1.174491 -1.215255 
0.220462 0.179698 0.138934 0.09817 0.057406 0.016642 -0.024122 -0.064887 -0.105651 -0.146415 -0.187179 -0.227943 -0.268707 -0.309471 -0.350235 -0.390999 -0.431763 -0.472527 -0.513291 -0.554055 -0.594819 -0.635583 -0.676347 -0.717111 -0.757875 -0.798639 -0.839403 -0.880167 -0.920931 -0.961695 -1.002459 -1.043223 -1.083987 -1.124751 -1.165515 
0.270201 0.229437 0.188673 0.147909 0.107145 0.066381 0.025617 -0.015147 -0.055911 -0.096675 -0.137439 -0.178203 -0.218967 -0.259731 -0.300495 -0.341259 -0.382023 -0.422787 -0.463551 -0.504315 -0.545079 -0.585843 -0.626607 -0.667371 -0.708135 -0.748899 -0.789663 -0.830427 -0.871191 -0.911955 -0.952719 -0.993484 -1.034248 -1.075012 -1.115776 
0.319941 0.279177 0.238413 0.197649 0.156885 0.116121 0.075357 0.034593 -0.006171 -0.046935 -0.087699 -0.128463 -0.169227 -0.209991 -0.250755 -0.291519 -0.332283 -0.373047 -0.413811 -0.454576 -0.49534 -0.536104 -0.576868 -0.617632 -0.658396 -0.69916 -0.739924 -0.780688 -0.821452 -0.862216 -0.90298 -0.943744 -0.984508 -1.025272 -1.066036 
0.369681 0.328917 0.288153 0.247389 0.206625 0.165861 0.125097 0.084332 0.043568 0.002804 -0.03796 -0.078724 -0.119488 -0.160252 -0.201016 -0.24178 -0.282544 -0.323308 -0.364072 -0.404836 -0.4456 -0.486364 -0.527128 -0.567892 -0.608656 -0.64942 -0.690184 -0.730948 -0.771712 -0.812476 -0.85324 -0.894004 -0.934768 -0.975532 -1.016296 
0.41942 0.378656 0.337892 0.297128 0.256364 0.2156 0.174836 0.134072 0.093308 0.052544 0.01178 -0.028984 -0.069748 -0.110512 -0.151276 -0.19204 -0.232804 -0.273568 -0.314332 -0.355096 -0.39586 -0.436624 -0.477388 -0.518152 -0.558916 -0.59968 -0.640444 -0.681208 -0.721972 -0.762736 -0.8035 -0.844265 -0.885029 -0.925793 -0.966557 
0.46916 0.428396 0.387632 0.346868 0.306104 0.26534 0.224576 0.183812 0.143048 0.102284 0.06152 0.020756 -0.020008 -0.060772 -0.101536 -0.1423 -0.183064 -0.223828 -0.264593 -0.305357 -0.346121 -0.386885 -0.427649 -0.468413 -0.509177 -0.549941 -0.590705 -0.631469 -0.672233 -0.712997 -0.753761 -0.794525 -0.835289 -0.876053 -0.916817 
0.5189 0.478136 0.437372 0.396608 0.355844 0.31508 0.274315 0.233551 0.192787 0.152023 0.111259 0.070495 0.029731 -0.011033 -0.051797 -0.092561 -0.133325 -0.174089 -0.214853 -0.255617 -0.296381 -0.337145 -0.377909 -0.418673 -0.459437 -0.500201 -0.540965 -0.581729 -0.622493 -0.663257 -0.704021 -0.744785 -0.785549 -0.826313 -0.867077 
0.568639 0.527875 0.487111 0.446347 0.405583 0.364819 0.324055 0.283291 0.242527 0.201763 0.160999 0.120235 0.079471 0.038707 -0.002057 -0.042821 -0.083585 -0.124349 -0.165113 -0.205877 -0.246641 -0.287405 -0.328169 -0.368933 -0.409697 -0.450461 -0.491225 -0.531989 -0.572753 -0.613517 -0.654282 -0.695046 -0.73581 -0.776574 -0.817338 
0.618379 0.577615 0.536851 0.496087 0.455323 0.414559 0.373795 0.333031 0.292267 0.251503 0.210739 0.169975 0.129211 0.088447 0.047683 0.006919 -0.033845 -0.074609 -0.115374 -0.156138 -0.196902 -0.237666 -0.27843 -0.319194 -0.359958 -0.400722 -0.441486 -0.48225 -0.523014 -0.563778 -0.604542 -0.645306 -0.68607 -0.726834 -0.767598 
0.668119 0.627355 0.586591 0.545827 0.505063 0.464299 0.423534 0.38277 0.342006 0.301242 0.260478 0.219714 0.17895 0.138186 0.097422 0.056658 0.015894 -0.02487 -0.065634 -0.106398 -0.147162 -0.187926 -0.22869 -0.269454 -0.310218 -0.350982 -0.391746 -0.43251 -0.473274 -0.514038 -0.554802 -0.595566 -0.63633 -0.677094 -0.717858 
0.717858 0.677094 0.63633 0.595566 0.554802 0.514038 0.473274 0.43251 0.391746 0.350982 0.310218 0.269454 0.22869 0.187926 0.147162 0.106398 0.065634 0.02487 -0.015894 -0.056658 -0.097422 -0.138186 -0.17895 -0.219714 -0.260478 -0.301242 -0.342006 -0.38277 -0.423534 -0.464299 -0.505063 -0.545827 -0.586591 -0.627355 -0.668119 
0.767598 0.726834 0.68607 0.645306 0.604542 0.563778 0.523014 0.48225 0.441486 0.400722 0.359958 0.319194 0.27843 0.237666 0.196902 0.156138 0.115374 0.074609 0.033845 -0.006919 -0.047683 -0.088447 -0.129211 -0.169975 -0.210739 -0.251503 -0.292267 -0.333031 -0.373795 -0.414559 -0.455323 -0.496087 -0.536851 -0.577615 -0.618379 
0.817338 0.776574 0.73581 0.695046 0.654282 0.613517 0.572753 0.531989 0.491225 0.450461 0.409697 0.368933 0.328169 0.287405 0.246641 0.205877 0.165113 0.124349 0.083585 0.042821 0.002057 -0.038707 -0.079471 -0.120235 -0.160999 -0.201763 -0.242527 -0.283291 -0.324055 -0.364819 -0.405583 -0.446347 -0.487111 -0.527875 -0.568639 
0.867077 0.826313 0.785549 0.744785 0.704021 0.663257 0.622493 0.581729 0.540965 0.500201 0.459437 0.418673 0.377909 0.337145 0.296381 0.255617 0.214853 0.174089 0.133325 0.092561 0.051797 0.011033 -0.029731 -0.070495 -0.111259 -0.152023 -0.192787 -0.233551 -0.274315 -0.31508 -0.355844 -0.396608 -0.437372 -0.478136 -0.5189 
0.916817 0.876053 0.835289 0.794525 0.753761 0.712997 0.672233 0.631469 0.590705 0.549941 0.509177 0.468413 0.427649 0.386885 0.346121 0.305357 0.264593 0.223828 0.183064 0.1423 0.101536 0.060772 0.020008 -0.020756 -0.06152 -0.102284 -0.143048 -0.183812 -0.224576 -0.26534 -0.306104 -0.346868 -0.387632 -0.428396 -0.46916 
0.966557 0.925793 0.885029 0.844265 0.8035 0.762736 0.721972 0.681208 0.640444 0.59968 0.558916 0.518152 0.477388 0.436624 0.39586 0.355096 0.314332 0.273568 0.232804 0.19204 0.151276 0.110512 0.069748 0.028984 -0.01178 -0.052544 -0.093308 -0.134072 -0.174836 -0.2156 -0.256364 -0.297128 -0.337892 -0.378656 -0.41942 
1.016296 0.975532 0.934768 0.894004 0.85324 0.812476 0.771712 0.730948 0.690184 0.64942 0.608656 0.567892 0.527128 0.486364 0.4456 0.404836 0.364072 0.323308 0.282544 0.24178 0.201016 0.160252 0.119488 0.078724 0.03796 -0.002804 -0.043568 -0.084332 -0.125097 -0.165861 -0.206625 -0.247389 -0.288153 -0.328917 -0.369681 
1.066036 1.025272 0.984508 0.943744 0.90298 0.862216 0.821452 0.780688 0.739924 0.69916 0.658396 0.617632 0.576868 0.536104 0.49534 0.454576 0.413811 0.373047 0.332283 0.291519 0.250755 0.209991 0.169227 0.128463 0.087699 0.046935 0.006171 -0.034593 -0.075357 -0.116121 -0.156885 -0.197649 -0.238413 -0.279177 -0.319941 
1.115776 1.075012 1.034248 0.993484 0.952719 0.911955 0.871191 0.830427 0.789663 0.748899 0.708135 0.667371 0.626607 0.585843 0.545079 0.504315 0.463551 0.422787 0.382023 0.341259 0.300495 0.259731 0.218967 0.178203 0.137439 0.096675 0.055911 0.015147 -0.025617 -0.066381 -0.107145 -0.147909 -0.188673 -0.229437 -0.270201 
1.165515 1.124751 1.083987 1.043223 1.002459 0.961695 0.920931 0.880167 0.839403 0.798639 0.757875 0.717111 0.676347 0.635583 0.594819 0.554055 0.513291 0.472527 0.431763 0.390999 0.350235 0.309471 0.268707 0.227943 0.187179 0.146415 0.105651 0.064887 0.024122 -0.016642 -0.057406 -0.09817 -0.138934 -0.179698 -0.220462 
1.215255 1.174491 1.133727 1.092963 1.052199 1.011435 0.970671 0.929907 0.889143 0.848379 0.807615 0.766851 0.726087 0.685323 0.644559 0.603794 0.56303 0.522266 0.481502 0.440738 0.399974 0.35921 0.318446 0.277682 0.236918 0.196154 0.15539 0.114626 0.073862 0.033098 -0.007666 -0.04843 -0.089194 -0.129958 -0.170722 
1.264995 1.224231 1.183467 1.142702 1.101938 1.061174 1.02041 0.979646 0.938882 0.898118 0.857354 0.81659 0.775826 0.735062 0.694298 0.653534 0.61277 0.572006 0.531242 0.490478 0.449714 0.40895 0.368186 0.327422 0.286658 0.245894 0.20513 0.164366 0.123602 0.082838 0.042074 0.00131 -0.039454 -0.080218 -0.120982 
1.314734 1.27397 1.233206 1.192442 1.151678 1.110914 1.07015 1.029386 0.988622 0.947858 0.907094 0.86633 0.825566 0.784802 0.744038 0.703274 0.66251 0.621746 0.580982 0.540218 0.499454 0.45869 0.417926 0.377162 0.336398 0.295634 0.25487 0.214105 0.173341 0.132577 0.091813 0.051049 0.010285 -0.030479 -0.071243 
1.364474 1.32371 1.282946 1.242182 1.201418 1.160654 1.11989 1.079126 1.038362 0.997598 0.956834 0.91607 0.875306 0.834542 0.793778 0.753013 0.712249 0.671485 0.630721 0.589957 0.549193 0.508429 0.467665 0.426901 0.386137 0.345373 0.304609 0.263845 0.223081 0.182317 0.141553 0.100789 0.060025 0.019261 -0.021503 
1.414214 1.37345 1.332686 1.291921 1.251157 1.210393 1.169629 1.128865 1.088101 1.047337 1.006573 0.965809 0.925045 0.884281 0.843517 0.802753 0.761989 0.721225 0.680461 0.639697 0.598933 0.558169 0.517405 0.476641 0.435877 0.395113 0.354349 0.313585 0.272821 0.232057 0.191293 0.150529 0.109765 0.069001 0.028237 
