map size - [19, 14]
quantization error - 0.0567453287005
topographic error - 0.007
topographic error and quantization error average - 0.0318726643502
density - 7.51879699248
HIT map - 
6 13 6 23 16 14 21 17 20 17 16 14 9 10 
13 1 8 5 0 0 0 0 0 0 1 9 5 11 
9 10 0 0 0 1 0 0 0 0 0 0 1 21 
22 0 0 6 19 14 21 20 16 18 13 0 0 18 
23 0 8 14 5 1 0 0 0 3 13 10 0 16 
0 3 13 4 0 0 0 3 0 0 4 21 0 22 
12 15 4 0 5 20 14 18 15 0 0 11 0 16 
15 2 0 13 11 4 0 0 10 15 0 14 0 17 
19 0 0 12 0 0 5 0 0 9 0 12 0 23 
18 0 11 15 0 10 3 0 12 0 4 17 0 13 
18 0 10 1 0 13 0 4 7 0 13 4 0 17 
24 0 18 0 0 17 0 0 0 7 15 0 9 17 
12 0 13 4 0 18 8 0 15 8 0 8 8 0 
20 0 8 20 0 2 13 15 4 0 0 7 0 25 
17 0 2 16 0 0 0 0 0 0 19 11 0 18 
21 0 0 18 10 13 2 9 12 18 8 1 0 19 
18 6 0 0 4 10 16 12 9 6 0 0 4 15 
12 6 8 0 0 0 0 0 0 0 0 7 4 9 
8 8 20 20 18 12 18 11 17 14 17 13 12 9 

