1.340129 1.326331 1.296391 1.270274 1.263595 1.272053 1.274089 1.254006 1.22709 1.21039 1.183692 1.06236 0.58423 0.176819 0.104899 
1.327482 1.300951 1.25381 1.208311 1.180644 1.173252 1.165701 1.137028 1.112755 1.104202 1.082799 0.946868 0.449105 0.078259 0.01302 
1.308675 1.256613 1.172045 1.09902 1.048618 1.008728 0.980565 0.954897 0.920504 0.895848 0.849412 0.511806 -0.174757 -0.451077 -0.51523 
1.272463 1.198437 1.099638 1.023558 0.961638 0.904403 0.864858 0.831179 0.784855 0.736694 0.570588 -0.226798 -0.812281 -0.986565 -1.086503 
1.230225 1.148908 1.052226 0.96524 0.883199 0.82182 0.776891 0.737993 0.69378 0.613443 0.254052 -0.623529 -0.945021 -1.086173 -1.205082 
1.202185 1.115733 1.007353 0.900928 0.810786 0.748464 0.693477 0.645896 0.56344 0.286169 -0.291486 -0.782236 -0.968467 -1.111556 -1.237535 
1.194251 1.104438 0.972686 0.850503 0.754818 0.674573 0.583158 0.448734 0.169325 -0.316309 -0.642492 -0.823541 -0.969588 -1.130601 -1.254047 
1.184141 1.084958 0.938339 0.815469 0.713218 0.588409 0.329382 -0.068232 -0.410679 -0.625053 -0.733944 -0.842287 -0.985132 -1.148963 -1.250027 
1.169736 1.058511 0.914281 0.799173 0.667746 0.369203 -0.162515 -0.483331 -0.613057 -0.697176 -0.770003 -0.876036 -1.021357 -1.157829 -1.238277 
1.167386 1.053924 0.905322 0.7613 0.455829 -0.182292 -0.541903 -0.62998 -0.685222 -0.746612 -0.819435 -0.936693 -1.064312 -1.169318 -1.246122 
1.186175 1.076104 0.902733 0.608019 -0.062878 -0.573544 -0.683975 -0.723864 -0.775127 -0.818024 -0.881879 -0.998532 -1.097505 -1.183609 -1.264498 
1.160961 1.060405 0.81537 0.139977 -0.572969 -0.753555 -0.780049 -0.81849 -0.860737 -0.889221 -0.955538 -1.065235 -1.130019 -1.198041 -1.274009 
0.846863 0.75468 0.309062 -0.577021 -0.893964 -0.918694 -0.912826 -0.939631 -0.974584 -1.011493 -1.087728 -1.152885 -1.180454 -1.222882 -1.272668 
0.250346 0.184721 -0.256571 -0.929672 -1.071421 -1.089213 -1.099617 -1.120611 -1.153536 -1.199248 -1.240708 -1.245969 -1.242189 -1.255563 -1.28284 
0.129546 0.083833 -0.270693 -0.99936 -1.162683 -1.196444 -1.230212 -1.249504 -1.268302 -1.295387 -1.31253 -1.30913 -1.292844 -1.28913 -1.311278 
