-0.107989 -0.146355 -0.224467 -0.313617 -0.419411 -0.557144 -0.693433 -0.842702 -1.007072 -1.168535 -1.301438 -1.430429 -1.788583 -2.129002 -2.224159 
-0.032112 -0.084577 -0.173752 -0.264543 -0.355848 -0.483466 -0.626166 -0.770118 -0.924506 -1.086361 -1.224466 -1.367006 -1.726578 -2.053666 -2.148167 
0.102075 0.047779 -0.047148 -0.149916 -0.240728 -0.354489 -0.495864 -0.633921 -0.765774 -0.906558 -1.05198 -1.220486 -1.472934 -1.700965 -1.796638 
0.22238 0.17604 0.081694 -0.033297 -0.134873 -0.246293 -0.388566 -0.52542 -0.646763 -0.755927 -0.883349 -1.09445 -1.228071 -1.333594 -1.416776 
0.335451 0.284323 0.195362 0.078855 -0.033785 -0.142237 -0.285655 -0.430995 -0.554359 -0.659608 -0.783603 -1.015327 -1.12935 -1.213671 -1.287441 
0.498121 0.433355 0.342012 0.236126 0.106127 -0.026239 -0.173713 -0.325246 -0.45689 -0.571844 -0.684056 -0.858193 -0.989438 -1.082479 -1.144358 
0.655123 0.591219 0.488255 0.382273 0.262642 0.118542 -0.040782 -0.18897 -0.325831 -0.465449 -0.576113 -0.694878 -0.810762 -0.89654 -0.941247 
0.773517 0.723065 0.636805 0.52411 0.390159 0.245966 0.10038 -0.017706 -0.151941 -0.318303 -0.450921 -0.563078 -0.660289 -0.733617 -0.776161 
0.882209 0.829748 0.754344 0.665286 0.53247 0.360555 0.213174 0.111024 -0.021411 -0.182779 -0.30746 -0.411059 -0.505515 -0.593554 -0.649858 
1.01708 0.948826 0.859927 0.783026 0.687475 0.531988 0.362832 0.236575 0.116714 -0.027434 -0.142823 -0.233029 -0.325656 -0.422533 -0.489659 
1.214272 1.134987 1.012889 0.904058 0.799155 0.673507 0.529484 0.386177 0.274048 0.15415 0.020727 -0.090313 -0.17688 -0.262705 -0.33097 
1.377862 1.307544 1.177836 1.045661 0.929153 0.805405 0.672067 0.516366 0.387209 0.281283 0.143655 0.018937 -0.061298 -0.141213 -0.209646 
1.757333 1.671467 1.439634 1.212423 1.105558 0.982436 0.823709 0.644673 0.498973 0.392432 0.259584 0.13923 0.061342 -0.016777 -0.084261 
2.424775 2.334974 1.905214 1.371174 1.248696 1.153108 0.988348 0.783428 0.627974 0.512779 0.37861 0.253417 0.1652 0.081941 0.018005 
2.567562 2.497386 2.140322 1.480718 1.326686 1.238998 1.078029 0.866878 0.691723 0.561764 0.438664 0.3239 0.227479 0.131445 0.065913 
