1.318338 1.273133 1.21802 1.182583 1.108609 1.001006 0.940986 0.88684 0.82343 0.757867 0.698733 0.613631 0.457189 0.328696 0.272786 0.216897 0.124612 0.022924 -0.074329 -0.173359 -0.263861 -0.342488 -0.410334 -0.507223 -0.676551 -0.808679 -0.969945 -1.212445 -1.357049 -1.478593 -1.622289 -1.704461 
1.362818 1.308179 1.226191 1.163869 1.09448 1.017453 0.950701 0.885223 0.817259 0.742159 0.65606 0.547927 0.431286 0.334894 0.268339 0.199881 0.10759 0.014075 -0.076227 -0.166806 -0.259186 -0.331157 -0.402437 -0.517153 -0.676194 -0.813459 -0.97209 -1.175088 -1.31582 -1.457014 -1.603123 -1.676625 
1.393869 1.330742 1.250398 1.172412 1.100351 1.0374 0.96839 0.886563 0.804748 0.715208 0.600836 0.495469 0.410045 0.331509 0.251971 0.159228 0.075069 -0.00064 -0.073753 -0.155808 -0.252259 -0.31947 -0.402828 -0.53422 -0.67267 -0.818963 -0.981832 -1.133061 -1.249044 -1.415961 -1.578828 -1.636094 
1.405986 1.332993 1.26853 1.214004 1.134693 1.05853 0.989483 0.906272 0.814671 0.717304 0.587399 0.475879 0.394072 0.317425 0.231566 0.136609 0.057567 -0.008945 -0.066932 -0.146369 -0.245155 -0.316063 -0.4119 -0.550382 -0.685767 -0.835016 -0.978694 -1.091749 -1.20278 -1.398867 -1.550419 -1.600653 
1.423123 1.347788 1.282921 1.253231 1.199006 1.106012 1.035457 0.944158 0.834797 0.740237 0.616368 0.470625 0.37826 0.30139 0.222843 0.145846 0.05829 -0.015637 -0.070306 -0.139583 -0.238958 -0.319122 -0.414443 -0.55489 -0.693936 -0.839135 -0.977784 -1.079231 -1.177564 -1.32467 -1.468654 -1.55153 
1.430133 1.381362 1.322802 1.293149 1.251755 1.163374 1.09323 0.975309 0.840576 0.756561 0.651812 0.491922 0.376928 0.291138 0.218828 0.155268 0.068375 -0.016607 -0.079013 -0.137767 -0.230791 -0.323845 -0.408857 -0.550632 -0.706633 -0.833385 -0.97737 -1.093627 -1.175319 -1.254329 -1.340061 -1.442319 
1.441792 1.412005 1.377639 1.35166 1.308884 1.229106 1.158881 1.019037 0.875804 0.788106 0.659855 0.492736 0.384624 0.285406 0.202393 0.136399 0.048278 -0.027879 -0.085305 -0.140802 -0.229462 -0.328633 -0.38776 -0.498157 -0.663882 -0.797884 -0.954329 -1.072903 -1.141225 -1.202203 -1.236182 -1.264036 
1.512018 1.466098 1.430035 1.405265 1.361277 1.287951 1.222487 1.108998 0.96383 0.847661 0.683547 0.439969 0.290843 0.171724 0.096809 0.045458 -0.016221 -0.058291 -0.102316 -0.169401 -0.253889 -0.326038 -0.359759 -0.410008 -0.481506 -0.57588 -0.726651 -0.821166 -0.873306 -0.971582 -1.031084 -1.011816 
1.58275 1.540133 1.489176 1.446434 1.397239 1.330517 1.266061 1.191326 1.070622 0.875626 0.549794 0.240258 0.148302 0.091477 0.053576 0.019367 -0.030932 -0.073723 -0.127172 -0.192622 -0.262059 -0.320808 -0.355501 -0.403324 -0.450208 -0.510329 -0.597401 -0.666809 -0.711918 -0.787728 -0.881682 -0.902328 
1.622079 1.589901 1.542819 1.491527 1.434944 1.37572 1.323257 1.274945 1.160447 0.671947 0.294788 0.190802 0.140052 0.086523 0.048476 0.015782 -0.039906 -0.090271 -0.142188 -0.201096 -0.266886 -0.320654 -0.359621 -0.416543 -0.47116 -0.528477 -0.589781 -0.648665 -0.694711 -0.762391 -0.867826 -0.896116 
1.653318 1.626994 1.58368 1.531383 1.474164 1.421856 1.37416 1.33139 1.136839 0.466019 0.268424 0.210668 0.158115 0.089138 0.040615 -0.001048 -0.061267 -0.104386 -0.145291 -0.20963 -0.280043 -0.324189 -0.366681 -0.428212 -0.481661 -0.529693 -0.584649 -0.647346 -0.69524 -0.749624 -0.841865 -0.883478 
1.684924 1.661914 1.619817 1.561699 1.502999 1.455796 1.411546 1.336735 0.894654 0.38852 0.284282 0.227123 0.168098 0.090615 0.032043 -0.022967 -0.07626 -0.109107 -0.146999 -0.228778 -0.297617 -0.331113 -0.368316 -0.420751 -0.470109 -0.52193 -0.588363 -0.648585 -0.700519 -0.757203 -0.806017 -0.841887 
1.728514 1.700361 1.647387 1.584838 1.526208 1.475636 1.43321 1.301985 0.63219 0.35228 0.293187 0.228896 0.165424 0.095096 0.037807 -0.016389 -0.073623 -0.115641 -0.159325 -0.232088 -0.296998 -0.333848 -0.3712 -0.420668 -0.468145 -0.519473 -0.600648 -0.664692 -0.724311 -0.779196 -0.810841 -0.84475 
1.77699 1.741672 1.666242 1.601136 1.546148 1.493391 1.445519 1.208937 0.494869 0.331732 0.283351 0.227692 0.170055 0.091527 0.037853 -0.001839 -0.061725 -0.118064 -0.164856 -0.22135 -0.287553 -0.331125 -0.370469 -0.436807 -0.499264 -0.550205 -0.628442 -0.700737 -0.764675 -0.813638 -0.846453 -0.882587 
1.8162 1.774877 1.692735 1.623424 1.567933 1.519527 1.443117 0.950647 0.406526 0.320942 0.272878 0.230763 0.182351 0.085583 0.032261 0.002694 -0.04866 -0.106756 -0.157993 -0.213485 -0.280236 -0.323318 -0.369042 -0.472004 -0.539333 -0.584333 -0.656083 -0.73176 -0.81828 -0.885902 -0.926213 -0.956719 
1.831934 1.788441 1.717033 1.643261 1.579519 1.532673 1.391757 0.669173 0.364297 0.311158 0.260656 0.226066 0.183639 0.09514 0.038779 0.006616 -0.038499 -0.09745 -0.150047 -0.203071 -0.266581 -0.310025 -0.37462 -0.514357 -0.575203 -0.614258 -0.680771 -0.771112 -0.879182 -0.94589 -0.997868 -1.038027 
1.84046 1.799099 1.731535 1.655979 1.585098 1.534309 1.33604 0.547055 0.329708 0.29095 0.248534 0.204358 0.154303 0.107427 0.06391 0.019867 -0.031495 -0.093481 -0.137868 -0.186547 -0.249018 -0.297172 -0.391479 -0.563992 -0.624274 -0.668964 -0.749627 -0.869245 -0.966952 -1.010782 -1.068713 -1.111168 
1.846768 1.800228 1.73449 1.66893 1.59398 1.5435 1.371252 0.554379 0.302675 0.272408 0.235544 0.177425 0.134124 0.106868 0.071482 0.025231 -0.025582 -0.085708 -0.124387 -0.17461 -0.246058 -0.311142 -0.41836 -0.589232 -0.672356 -0.736424 -0.847428 -0.991713 -1.078207 -1.11367 -1.153689 -1.175115 
1.838596 1.784509 1.728473 1.670319 1.593999 1.544597 1.370989 0.579459 0.291726 0.256814 0.214494 0.159786 0.123478 0.095176 0.058167 0.02199 -0.01356 -0.076697 -0.119929 -0.178242 -0.263936 -0.341049 -0.438504 -0.625461 -0.774672 -0.846743 -0.94912 -1.067827 -1.14113 -1.18447 -1.217578 -1.233268 
1.817595 1.766993 1.717767 1.657184 1.586973 1.516146 1.152097 0.482912 0.299438 0.240841 0.182351 0.140259 0.106395 0.07567 0.043828 0.016613 -0.004291 -0.06272 -0.128588 -0.207661 -0.295901 -0.367684 -0.513776 -0.809471 -0.953451 -1.001854 -1.066916 -1.141581 -1.202322 -1.243753 -1.283445 -1.313026 
1.802063 1.757123 1.703128 1.639142 1.578722 1.435158 0.788924 0.394758 0.302357 0.222471 0.159943 0.12566 0.09278 0.060852 0.02931 -0.000862 -0.030371 -0.09661 -0.228482 -0.338495 -0.382173 -0.418667 -0.638624 -0.9475 -1.015683 -1.067217 -1.152848 -1.230517 -1.284283 -1.32068 -1.368945 -1.398382 
1.788798 1.745297 1.681161 1.612697 1.560468 1.335257 0.561549 0.347264 0.288155 0.213782 0.154132 0.114446 0.07706 0.041597 0.008996 -0.027375 -0.081274 -0.169348 -0.290799 -0.37189 -0.409959 -0.442308 -0.582388 -0.910755 -1.028489 -1.13097 -1.244673 -1.320936 -1.367389 -1.407921 -1.463548 -1.492586 
1.743466 1.704501 1.648083 1.580646 1.530602 1.300614 0.512246 0.324171 0.277043 0.208835 0.14876 0.102198 0.060982 0.025309 -0.007011 -0.050505 -0.124223 -0.209077 -0.310622 -0.383566 -0.438054 -0.496271 -0.577901 -0.721949 -0.93183 -1.194296 -1.31674 -1.37995 -1.440873 -1.50223 -1.560055 -1.590975 
1.683064 1.654059 1.611414 1.556068 1.510945 1.313434 0.519521 0.303462 0.258647 0.193341 0.13783 0.091051 0.045417 0.003976 -0.036886 -0.089218 -0.163079 -0.240173 -0.341649 -0.414716 -0.477477 -0.544018 -0.610269 -0.698354 -0.799991 -1.037922 -1.330348 -1.451516 -1.523745 -1.574416 -1.632017 -1.676802 
1.641025 1.616292 1.581097 1.540028 1.498454 1.290135 0.48039 0.272802 0.232054 0.168949 0.122172 0.081835 0.024289 -0.033426 -0.081802 -0.130673 -0.196048 -0.279717 -0.377221 -0.439732 -0.498361 -0.572605 -0.651153 -0.744624 -0.810854 -0.882578 -1.200676 -1.503388 -1.563989 -1.603169 -1.681999 -1.743263 
1.615503 1.586829 1.550067 1.509683 1.46032 1.247467 0.4785 0.259973 0.216051 0.158056 0.110097 0.067895 0.005474 -0.06171 -0.111098 -0.156041 -0.222004 -0.311601 -0.393051 -0.44464 -0.505165 -0.60784 -0.700054 -0.777667 -0.837681 -0.903706 -1.05373 -1.360612 -1.518782 -1.590341 -1.71754 -1.792236 
1.592824 1.55378 1.503057 1.451845 1.393636 1.268813 0.726905 0.303217 0.212673 0.158272 0.097486 0.049677 -0.010677 -0.080788 -0.130018 -0.185119 -0.257668 -0.330354 -0.394066 -0.447093 -0.522033 -0.640378 -0.728931 -0.797799 -0.869426 -0.956046 -1.060892 -1.19942 -1.324148 -1.410426 -1.584821 -1.769247 
1.550809 1.50996 1.455501 1.399089 1.338099 1.272292 1.079991 0.523134 0.234348 0.162035 0.090319 0.03937 -0.021486 -0.10058 -0.150472 -0.208123 -0.279939 -0.338279 -0.395176 -0.463707 -0.55801 -0.660192 -0.74025 -0.817758 -0.904983 -1.001189 -1.100805 -1.205213 -1.285848 -1.339494 -1.404888 -1.525565 
1.520729 1.480986 1.430044 1.371908 1.307721 1.255894 1.180437 0.820435 0.285588 0.17124 0.102032 0.033101 -0.033289 -0.117433 -0.164555 -0.212055 -0.288621 -0.352207 -0.408639 -0.488138 -0.589992 -0.6785 -0.749768 -0.832187 -0.938759 -1.041636 -1.125102 -1.217679 -1.302481 -1.36281 -1.425492 -1.489752 
1.508382 1.463828 1.41312 1.349975 1.279 1.228595 1.176588 0.983946 0.363372 0.181051 0.111329 0.027351 -0.035925 -0.116943 -0.176403 -0.228422 -0.303768 -0.36593 -0.427535 -0.520716 -0.626455 -0.704515 -0.768803 -0.845843 -0.970414 -1.08058 -1.145736 -1.232878 -1.338414 -1.418227 -1.492692 -1.551385 
1.481064 1.435363 1.378641 1.303366 1.22632 1.169856 1.117941 1.022183 0.530761 0.212802 0.117765 0.039301 -0.025962 -0.119363 -0.193264 -0.250995 -0.320402 -0.381895 -0.453867 -0.56105 -0.655739 -0.718093 -0.783661 -0.872364 -0.996883 -1.107663 -1.179396 -1.272539 -1.384859 -1.474379 -1.5577 -1.616479 
1.421206 1.381969 1.318247 1.232241 1.155873 1.099685 1.041018 0.951321 0.720752 0.444148 0.244523 0.108875 0.021617 -0.107096 -0.193469 -0.258301 -0.334454 -0.397228 -0.467316 -0.567039 -0.657169 -0.720781 -0.799819 -0.907684 -1.013198 -1.114992 -1.205852 -1.311542 -1.422602 -1.514395 -1.616632 -1.675782 
1.367879 1.338302 1.271757 1.18061 1.115432 1.062846 0.979396 0.85711 0.717722 0.598545 0.443484 0.270546 0.181277 0.049213 -0.103715 -0.224875 -0.325023 -0.388263 -0.460941 -0.556125 -0.649006 -0.72491 -0.817926 -0.929435 -1.021342 -1.11863 -1.225027 -1.357256 -1.472095 -1.563853 -1.674094 -1.730994 
1.345027 1.324663 1.263878 1.15056 1.080214 1.011326 0.896712 0.776706 0.681499 0.593682 0.437846 0.289838 0.217897 0.13599 0.040942 -0.087895 -0.23546 -0.306512 -0.380045 -0.482729 -0.604024 -0.720911 -0.822699 -0.931965 -1.029641 -1.134686 -1.256415 -1.403769 -1.519141 -1.613458 -1.708178 -1.763135 
1.325472 1.314956 1.263651 1.076084 0.982844 0.914725 0.822947 0.73236 0.651969 0.565888 0.408433 0.278156 0.204966 0.116791 0.036816 -0.056228 -0.188908 -0.272407 -0.33647 -0.415748 -0.517638 -0.654627 -0.784055 -0.940356 -1.041117 -1.127181 -1.255525 -1.374183 -1.489052 -1.624346 -1.726776 -1.777762 
1.305504 1.283429 1.179298 0.964562 0.912451 0.869212 0.795737 0.710174 0.62029 0.53428 0.39357 0.254635 0.182772 0.107689 0.023 -0.054204 -0.160761 -0.258229 -0.324248 -0.4084 -0.518739 -0.632622 -0.756508 -0.938312 -1.043576 -1.125458 -1.24999 -1.348721 -1.432697 -1.571475 -1.727775 -1.795676 
1.224114 1.145825 1.036753 0.933813 0.898501 0.850286 0.780165 0.694376 0.588407 0.506073 0.388813 0.239808 0.176053 0.122853 0.034426 -0.048354 -0.146198 -0.246171 -0.30376 -0.391145 -0.535813 -0.651708 -0.76902 -0.928924 -1.048399 -1.14622 -1.262857 -1.370155 -1.454335 -1.553083 -1.705987 -1.792006 
1.104331 1.055401 1.007263 0.94505 0.887507 0.822806 0.771914 0.698543 0.580255 0.490134 0.384822 0.247175 0.184407 0.135753 0.051742 -0.033302 -0.130748 -0.238027 -0.292267 -0.37455 -0.54584 -0.674259 -0.798989 -0.938014 -1.055301 -1.161503 -1.272701 -1.400258 -1.483323 -1.563338 -1.69305 -1.769186 
