-1.003072 -1.01814 -1.032539 -1.029973 -1.036044 -1.084275 -1.129095 -1.171756 -1.23002 -1.282266 -1.325668 -1.376243 -1.430576 -1.478185 -1.501625 -1.515466 -1.547068 -1.589529 -1.614511 -1.630893 -1.650751 -1.665385 -1.680376 -1.709669 -1.746974 -1.760782 -1.768599 -1.782503 -1.792022 -1.80098 -1.801221 -1.793887 
-0.978442 -0.974377 -0.980684 -0.985547 -1.000947 -1.045979 -1.099267 -1.144071 -1.189576 -1.241239 -1.295834 -1.343455 -1.381179 -1.425115 -1.4629 -1.485271 -1.512817 -1.546775 -1.569194 -1.589624 -1.613296 -1.62845 -1.64457 -1.666948 -1.697165 -1.721207 -1.734128 -1.747484 -1.762383 -1.771654 -1.76145 -1.744758 
-0.947585 -0.929614 -0.922506 -0.942668 -0.974616 -1.01233 -1.05908 -1.104029 -1.139912 -1.184246 -1.247074 -1.293764 -1.32508 -1.358104 -1.398179 -1.433727 -1.459135 -1.478527 -1.497713 -1.522525 -1.55124 -1.570306 -1.586402 -1.609056 -1.637058 -1.666355 -1.68668 -1.704703 -1.721191 -1.718525 -1.686436 -1.662733 
-0.914833 -0.897945 -0.883956 -0.892937 -0.932454 -0.972785 -1.006022 -1.04649 -1.085955 -1.131147 -1.203302 -1.256055 -1.28407 -1.311655 -1.344595 -1.384868 -1.415983 -1.432003 -1.44709 -1.471388 -1.501396 -1.518547 -1.535171 -1.565133 -1.598596 -1.630214 -1.654126 -1.671971 -1.679933 -1.657632 -1.628538 -1.614827 
-0.864424 -0.849422 -0.836501 -0.830664 -0.851533 -0.895423 -0.929737 -0.977391 -1.016455 -1.046125 -1.114623 -1.204601 -1.247405 -1.272404 -1.293857 -1.322087 -1.35951 -1.390612 -1.410716 -1.431193 -1.46115 -1.47696 -1.490876 -1.521329 -1.551861 -1.582103 -1.613851 -1.624605 -1.615787 -1.605542 -1.602481 -1.596701 
-0.785047 -0.756432 -0.75525 -0.761027 -0.775719 -0.814106 -0.851431 -0.910211 -0.960337 -0.987682 -1.034808 -1.125969 -1.195851 -1.235676 -1.257706 -1.271189 -1.28928 -1.325239 -1.369221 -1.397904 -1.425432 -1.438683 -1.442578 -1.476066 -1.51181 -1.534696 -1.570283 -1.58814 -1.585095 -1.582468 -1.581284 -1.578953 
-0.705422 -0.684248 -0.678253 -0.682081 -0.696939 -0.733042 -0.770831 -0.842321 -0.911688 -0.948865 -1.003538 -1.075796 -1.114162 -1.141846 -1.168301 -1.169908 -1.126929 -1.106463 -1.198348 -1.296602 -1.317147 -1.283291 -1.245527 -1.276591 -1.378377 -1.460323 -1.520666 -1.533872 -1.529209 -1.535357 -1.527665 -1.507734 
-0.648151 -0.636119 -0.618706 -0.614342 -0.628182 -0.660049 -0.687824 -0.74659 -0.832593 -0.888661 -0.940876 -0.958423 -0.867651 -0.762546 -0.732512 -0.745554 -0.745642 -0.749805 -0.794437 -0.861404 -0.880654 -0.895824 -0.915031 -0.933947 -0.978785 -1.056613 -1.129347 -1.149601 -1.172262 -1.24536 -1.265267 -1.200116 
-0.601739 -0.577777 -0.55853 -0.562932 -0.576376 -0.598471 -0.621396 -0.663104 -0.737754 -0.795196 -0.705029 -0.572601 -0.542376 -0.548198 -0.565367 -0.593956 -0.628657 -0.650376 -0.673525 -0.703669 -0.731191 -0.764573 -0.804835 -0.847873 -0.867996 -0.871897 -0.88422 -0.920013 -0.955114 -1.002967 -1.031731 -1.011707 
-0.548883 -0.525398 -0.50926 -0.512274 -0.518541 -0.526698 -0.542414 -0.572047 -0.607565 -0.534801 -0.4208 -0.428676 -0.462223 -0.507167 -0.53834 -0.564367 -0.59748 -0.616796 -0.63623 -0.666926 -0.696593 -0.723687 -0.753188 -0.79437 -0.817231 -0.828953 -0.852594 -0.882444 -0.908421 -0.943763 -0.982527 -0.984429 
-0.500899 -0.482922 -0.467755 -0.459848 -0.452191 -0.455858 -0.475456 -0.496204 -0.480154 -0.363961 -0.357891 -0.387119 -0.420888 -0.469883 -0.504866 -0.525124 -0.548811 -0.569973 -0.595632 -0.631899 -0.65818 -0.675832 -0.701118 -0.740866 -0.771982 -0.794726 -0.822966 -0.853341 -0.875606 -0.899696 -0.944653 -0.967554 
-0.460384 -0.444095 -0.424227 -0.405191 -0.396468 -0.401146 -0.414887 -0.427458 -0.356033 -0.273667 -0.300293 -0.333592 -0.358132 -0.396981 -0.434637 -0.464722 -0.495123 -0.518399 -0.545039 -0.589357 -0.61898 -0.632709 -0.652547 -0.686369 -0.721685 -0.756344 -0.793526 -0.824816 -0.851072 -0.873467 -0.899568 -0.92541 
-0.415452 -0.402675 -0.376452 -0.353314 -0.352087 -0.357073 -0.361353 -0.351593 -0.249585 -0.215424 -0.234922 -0.265071 -0.295028 -0.334591 -0.370844 -0.410021 -0.453457 -0.479873 -0.502039 -0.548067 -0.589748 -0.608294 -0.626373 -0.652677 -0.67704 -0.706105 -0.760895 -0.803129 -0.833675 -0.859569 -0.880148 -0.900082 
-0.352962 -0.341894 -0.315912 -0.300201 -0.300723 -0.308791 -0.318942 -0.295625 -0.194846 -0.18361 -0.196278 -0.218342 -0.252151 -0.296652 -0.32325 -0.350144 -0.397324 -0.437254 -0.47019 -0.514993 -0.560382 -0.583306 -0.604279 -0.637299 -0.663024 -0.685502 -0.7315 -0.778868 -0.822474 -0.859502 -0.884796 -0.908398 
-0.248877 -0.233189 -0.222764 -0.231632 -0.235635 -0.243728 -0.25451 -0.198169 -0.137224 -0.152081 -0.167112 -0.181167 -0.206628 -0.256244 -0.281153 -0.298246 -0.340838 -0.393479 -0.437046 -0.481086 -0.526074 -0.551661 -0.575663 -0.620902 -0.652292 -0.68067 -0.727514 -0.772694 -0.824029 -0.872462 -0.909852 -0.941936 
-0.149291 -0.146197 -0.155368 -0.176236 -0.184785 -0.186131 -0.176575 -0.092945 -0.071564 -0.098933 -0.125286 -0.138118 -0.144677 -0.180106 -0.222404 -0.250373 -0.294671 -0.352718 -0.397569 -0.440369 -0.488147 -0.518236 -0.548972 -0.608842 -0.641838 -0.674736 -0.72831 -0.783037 -0.84387 -0.891244 -0.937777 -0.980449 
-0.075481 -0.08307 -0.091854 -0.107313 -0.120657 -0.119474 -0.102092 -0.041193 -0.028135 -0.040665 -0.065734 -0.074077 -0.062717 -0.075022 -0.122772 -0.173731 -0.234663 -0.307719 -0.355885 -0.400561 -0.450225 -0.483673 -0.530665 -0.613765 -0.646289 -0.676222 -0.732637 -0.805543 -0.86776 -0.914857 -0.975843 -1.020795 
0.013064 0.014824 0.019148 0.003195 -0.021411 -0.024844 -0.018716 -0.005882 -0.002142 -0.004918 -0.01324 -0.014461 -0.016498 -0.028422 -0.053584 -0.094235 -0.170818 -0.27085 -0.323616 -0.369216 -0.419985 -0.45653 -0.513667 -0.610774 -0.659189 -0.695234 -0.755126 -0.832099 -0.886194 -0.936633 -1.010186 -1.048411 
0.089576 0.089037 0.086274 0.073785 0.053736 0.040618 0.038705 0.043836 0.032181 0.02712 0.033977 0.036535 0.024171 0.011179 -0.008737 -0.037101 -0.102946 -0.235872 -0.30395 -0.348708 -0.40048 -0.445981 -0.505575 -0.605603 -0.683251 -0.72589 -0.782795 -0.848398 -0.897329 -0.943938 -1.010786 -1.052117 
0.161691 0.149491 0.135182 0.12155 0.102459 0.084536 0.086238 0.099293 0.08231 0.075452 0.092739 0.103755 0.10059 0.089581 0.061636 0.036537 0.008951 -0.124631 -0.252817 -0.260393 -0.273919 -0.350499 -0.487886 -0.655193 -0.722526 -0.748386 -0.791202 -0.851154 -0.905492 -0.949814 -1.011084 -1.061076 
0.260595 0.235491 0.204985 0.185677 0.162392 0.13896 0.140312 0.149281 0.1476 0.151685 0.15866 0.1647 0.169887 0.168498 0.154602 0.140866 0.157923 0.199141 0.248213 0.33706 0.341931 0.235691 -0.214959 -0.663443 -0.729671 -0.74885 -0.782339 -0.843867 -0.90551 -0.951581 -1.018324 -1.071536 
0.347257 0.325093 0.286393 0.262228 0.251091 0.231971 0.207213 0.206208 0.207672 0.207214 0.206965 0.212339 0.223929 0.236525 0.242203 0.238171 0.269595 0.361911 0.487693 0.545514 0.545479 0.528523 0.297373 -0.413736 -0.672325 -0.743376 -0.788037 -0.841849 -0.8956 -0.946076 -1.017357 -1.066605 
0.411616 0.401182 0.37779 0.346606 0.336101 0.321564 0.270326 0.259829 0.256487 0.248642 0.246243 0.251569 0.263154 0.278862 0.295107 0.31208 0.354473 0.427936 0.522913 0.579286 0.600305 0.618034 0.611164 0.424994 -0.076872 -0.621804 -0.791598 -0.843847 -0.883353 -0.930633 -1.00026 -1.046135 
0.454781 0.449545 0.44712 0.430151 0.410039 0.386572 0.320351 0.305171 0.303996 0.304 0.307168 0.304305 0.306013 0.325063 0.356879 0.396978 0.444186 0.495764 0.570654 0.620474 0.651399 0.678778 0.694238 0.701505 0.629526 0.056364 -0.6819 -0.839399 -0.874358 -0.909291 -0.96268 -0.998742 
0.496665 0.487704 0.489279 0.484333 0.470846 0.445663 0.3696 0.351163 0.350893 0.358416 0.369267 0.375133 0.381829 0.406202 0.439396 0.475972 0.517285 0.568756 0.630137 0.664198 0.688943 0.719091 0.745124 0.769192 0.777765 0.695583 -0.026274 -0.738516 -0.845927 -0.880642 -0.921094 -0.941593 
0.591274 0.553132 0.537334 0.536396 0.537254 0.520363 0.41869 0.387288 0.390091 0.398866 0.409628 0.428988 0.457367 0.486839 0.502156 0.523677 0.563137 0.616871 0.664823 0.691084 0.715805 0.757141 0.79029 0.809047 0.818774 0.822964 0.666612 -0.077145 -0.545661 -0.667323 -0.796687 -0.873915 
0.680131 0.646552 0.618326 0.615113 0.622926 0.627751 0.529643 0.431942 0.425104 0.433239 0.450014 0.474545 0.508368 0.547562 0.566625 0.585949 0.624348 0.663674 0.694555 0.717765 0.749854 0.79549 0.821641 0.837382 0.85126 0.864524 0.855753 0.75429 0.582698 0.439904 -0.026389 -0.594624 
0.734556 0.717471 0.700088 0.692714 0.697419 0.709514 0.682917 0.539049 0.47512 0.47755 0.490919 0.507815 0.543317 0.595728 0.631281 0.656393 0.682515 0.7104 0.738944 0.768363 0.809061 0.843871 0.860088 0.875873 0.893755 0.902665 0.901803 0.8998 0.896603 0.879298 0.788089 0.496252 
0.78853 0.772145 0.754877 0.745486 0.748165 0.757055 0.755283 0.666908 0.538073 0.526407 0.53321 0.551344 0.59382 0.646046 0.676947 0.699454 0.728918 0.758479 0.785238 0.816892 0.858096 0.888775 0.905981 0.920616 0.937098 0.947588 0.94637 0.938852 0.932851 0.924432 0.913028 0.899267 
0.836904 0.816104 0.796917 0.793641 0.801669 0.808174 0.811311 0.767885 0.60216 0.569758 0.589335 0.618971 0.651254 0.692717 0.72694 0.759549 0.79618 0.815631 0.829925 0.861675 0.906083 0.933494 0.947367 0.959971 0.978106 0.98986 0.989334 0.980331 0.966032 0.954881 0.945723 0.94094 
0.878198 0.852825 0.837482 0.850165 0.871314 0.882203 0.88885 0.883385 0.75279 0.657968 0.652369 0.663865 0.690432 0.752671 0.804052 0.836181 0.867048 0.889269 0.905251 0.93014 0.958492 0.974521 0.984871 1.000241 1.022165 1.027336 1.022448 1.016606 1.007048 0.992971 0.973921 0.96305 
0.914842 0.891211 0.881861 0.907606 0.940359 0.958651 0.974677 1.012542 1.039871 0.945336 0.829939 0.8042 0.843781 0.867932 0.866003 0.879716 0.909914 0.935173 0.955961 0.978527 0.996921 1.009236 1.021729 1.042436 1.061977 1.061757 1.052531 1.047623 1.045149 1.029428 0.994258 0.973453 
0.94555 0.928634 0.920359 0.949037 0.981494 1.004063 1.040506 1.104069 1.154587 1.15651 1.165597 1.226369 1.240258 1.155674 1.025868 0.974806 1.004722 1.030018 1.037111 1.039115 1.039439 1.044817 1.056974 1.075332 1.092245 1.095771 1.090216 1.088129 1.091961 1.081535 1.035152 0.998152 
0.970165 0.963032 0.955464 0.98466 1.023063 1.062541 1.120829 1.174926 1.204202 1.21997 1.276606 1.335126 1.342335 1.336187 1.326244 1.337701 1.381397 1.3963 1.368326 1.292285 1.195574 1.139669 1.136189 1.169195 1.22413 1.239116 1.229512 1.211596 1.175643 1.145598 1.104002 1.068071 
1.010853 1.003146 1.007579 1.07413 1.122676 1.160212 1.199136 1.224162 1.240234 1.260128 1.320691 1.372473 1.386314 1.39898 1.42586 1.468097 1.507364 1.531943 1.54915 1.550144 1.530586 1.488281 1.469033 1.548276 1.624919 1.619251 1.58597 1.540909 1.413131 1.256856 1.173606 1.150807 
1.06505 1.062679 1.105722 1.186271 1.199901 1.217439 1.248055 1.270876 1.291727 1.318166 1.377667 1.442122 1.47035 1.47718 1.48755 1.517113 1.557598 1.59731 1.618347 1.624897 1.641711 1.669352 1.698114 1.731676 1.741796 1.741698 1.74168 1.738188 1.708366 1.575181 1.398221 1.3512 
1.166136 1.223798 1.27367 1.2481 1.235232 1.273693 1.326302 1.350132 1.368276 1.393629 1.452575 1.525966 1.547783 1.545259 1.543864 1.564863 1.612665 1.659312 1.676133 1.679003 1.69957 1.737092 1.778147 1.808425 1.80736 1.808405 1.81216 1.820437 1.837212 1.821986 1.730792 1.654989 
1.279453 1.317379 1.336699 1.296737 1.273791 1.339516 1.383987 1.397827 1.41021 1.435548 1.493865 1.567173 1.586605 1.580882 1.577962 1.598587 1.645476 1.694808 1.717821 1.730426 1.759656 1.795855 1.83402 1.866452 1.872411 1.87116 1.870275 1.878628 1.891487 1.884373 1.825854 1.753688 
