1.414214 1.347996 1.281778 1.21556 1.149341 1.083123 1.016905 0.950687 0.884469 0.818251 0.752033 0.685815 0.619597 0.553379 0.487161 0.420943 0.354725 0.288507 0.222289 0.156071 0.089853 0.023635 
1.345745 1.279527 1.213309 1.147091 1.080872 1.014654 0.948436 0.882218 0.816 0.749782 0.683564 0.617346 0.551128 0.48491 0.418692 0.352474 0.286256 0.220038 0.15382 0.087602 0.021384 -0.044834 
1.277276 1.211058 1.14484 1.078622 1.012404 0.946185 0.879967 0.813749 0.747531 0.681313 0.615095 0.548877 0.482659 0.416441 0.350223 0.284005 0.217787 0.151569 0.085351 0.019133 -0.047085 -0.113303 
1.208807 1.142589 1.076371 1.010153 0.943935 0.877717 0.811498 0.74528 0.679062 0.612844 0.546626 0.480408 0.41419 0.347972 0.281754 0.215536 0.149318 0.0831 0.016882 -0.049336 -0.115554 -0.181772 
1.140338 1.07412 1.007902 0.941684 0.875466 0.809248 0.743029 0.676811 0.610593 0.544375 0.478157 0.411939 0.345721 0.279503 0.213285 0.147067 0.080849 0.014631 -0.051587 -0.117805 -0.184023 -0.250241 
1.071869 1.005651 0.939433 0.873215 0.806997 0.740779 0.674561 0.608342 0.542124 0.475906 0.409688 0.34347 0.277252 0.211034 0.144816 0.078598 0.01238 -0.053838 -0.120056 -0.186274 -0.252492 -0.31871 
1.0034 0.937182 0.870964 0.804746 0.738528 0.67231 0.606092 0.539874 0.473655 0.407437 0.341219 0.275001 0.208783 0.142565 0.076347 0.010129 -0.056089 -0.122307 -0.188525 -0.254743 -0.320961 -0.387179 
0.934931 0.868713 0.802495 0.736277 0.670059 0.603841 0.537623 0.471405 0.405187 0.338968 0.27275 0.206532 0.140314 0.074096 0.007878 -0.05834 -0.124558 -0.190776 -0.256994 -0.323212 -0.38943 -0.455648 
0.866462 0.800244 0.734026 0.667808 0.60159 0.535372 0.469154 0.402936 0.336718 0.270499 0.204281 0.138063 0.071845 0.005627 -0.060591 -0.126809 -0.193027 -0.259245 -0.325463 -0.391681 -0.457899 -0.524117 
0.797993 0.731775 0.665557 0.599339 0.533121 0.466903 0.400685 0.334467 0.268249 0.202031 0.135812 0.069594 0.003376 -0.062842 -0.12906 -0.195278 -0.261496 -0.327714 -0.393932 -0.46015 -0.526368 -0.592586 
0.729524 0.663306 0.597088 0.53087 0.464652 0.398434 0.332216 0.265998 0.19978 0.133562 0.067344 0.001125 -0.065093 -0.131311 -0.197529 -0.263747 -0.329965 -0.396183 -0.462401 -0.528619 -0.594837 -0.661055 
0.661055 0.594837 0.528619 0.462401 0.396183 0.329965 0.263747 0.197529 0.131311 0.065093 -0.001125 -0.067344 -0.133562 -0.19978 -0.265998 -0.332216 -0.398434 -0.464652 -0.53087 -0.597088 -0.663306 -0.729524 
0.592586 0.526368 0.46015 0.393932 0.327714 0.261496 0.195278 0.12906 0.062842 -0.003376 -0.069594 -0.135812 -0.202031 -0.268249 -0.334467 -0.400685 -0.466903 -0.533121 -0.599339 -0.665557 -0.731775 -0.797993 
0.524117 0.457899 0.391681 0.325463 0.259245 0.193027 0.126809 0.060591 -0.005627 -0.071845 -0.138063 -0.204281 -0.270499 -0.336718 -0.402936 -0.469154 -0.535372 -0.60159 -0.667808 -0.734026 -0.800244 -0.866462 
0.455648 0.38943 0.323212 0.256994 0.190776 0.124558 0.05834 -0.007878 -0.074096 -0.140314 -0.206532 -0.27275 -0.338968 -0.405187 -0.471405 -0.537623 -0.603841 -0.670059 -0.736277 -0.802495 -0.868713 -0.934931 
0.387179 0.320961 0.254743 0.188525 0.122307 0.056089 -0.010129 -0.076347 -0.142565 -0.208783 -0.275001 -0.341219 -0.407437 -0.473655 -0.539874 -0.606092 -0.67231 -0.738528 -0.804746 -0.870964 -0.937182 -1.0034 
0.31871 0.252492 0.186274 0.120056 0.053838 -0.01238 -0.078598 -0.144816 -0.211034 -0.277252 -0.34347 -0.409688 -0.475906 -0.542124 -0.608342 -0.674561 -0.740779 -0.806997 -0.873215 -0.939433 -1.005651 -1.071869 
0.250241 0.184023 0.117805 0.051587 -0.014631 -0.080849 -0.147067 -0.213285 -0.279503 -0.345721 -0.411939 -0.478157 -0.544375 -0.610593 -0.676811 -0.743029 -0.809248 -0.875466 -0.941684 -1.007902 -1.07412 -1.140338 
0.181772 0.115554 0.049336 -0.016882 -0.0831 -0.149318 -0.215536 -0.281754 -0.347972 -0.41419 -0.480408 -0.546626 -0.612844 -0.679062 -0.74528 -0.811498 -0.877717 -0.943935 -1.010153 -1.076371 -1.142589 -1.208807 
0.113303 0.047085 -0.019133 -0.085351 -0.151569 -0.217787 -0.284005 -0.350223 -0.416441 -0.482659 -0.548877 -0.615095 -0.681313 -0.747531 -0.813749 -0.879967 -0.946185 -1.012404 -1.078622 -1.14484 -1.211058 -1.277276 
0.044834 -0.021384 -0.087602 -0.15382 -0.220038 -0.286256 -0.352474 -0.418692 -0.48491 -0.551128 -0.617346 -0.683564 -0.749782 -0.816 -0.882218 -0.948436 -1.014654 -1.080872 -1.147091 -1.213309 -1.279527 -1.345745 
-0.023635 -0.089853 -0.156071 -0.222289 -0.288507 -0.354725 -0.420943 -0.487161 -0.553379 -0.619597 -0.685815 -0.752033 -0.818251 -0.884469 -0.950687 -1.016905 -1.083123 -1.149341 -1.21556 -1.281778 -1.347996 -1.414214 
