-0.76631 -0.697554 -0.594528 -0.466566 -0.359993 -0.249761 -0.109054 0.025723 0.164144 0.282799 0.38112 0.493408 0.628794 0.772494 0.893889 1.00277 1.109923 1.218284 1.312016 1.401516 1.485549 1.554325 1.618874 1.668368 1.70399 1.725807 1.735278 
-0.839611 -0.763987 -0.633648 -0.496937 -0.386955 -0.276597 -0.142556 -0.010375 0.13186 0.25414 0.350952 0.460698 0.592455 0.727731 0.845804 0.954943 1.062397 1.169594 1.263423 1.349554 1.434376 1.510011 1.587929 1.657517 1.706333 1.729694 1.736415 
-0.910548 -0.853634 -0.731468 -0.616424 -0.5072 -0.389895 -0.271672 -0.157639 -0.01683 0.119367 0.218829 0.322753 0.448347 0.562281 0.662521 0.761691 0.862714 0.958014 1.04222 1.115414 1.182902 1.24857 1.330802 1.480717 1.664578 1.7247 1.729608 
-0.95573 -0.888933 -0.78291 -0.672626 -0.558633 -0.436996 -0.314685 -0.204506 -0.069775 0.0702 0.174518 0.278194 0.404192 0.515575 0.609806 0.702778 0.799036 0.887955 0.965508 1.037772 1.098078 1.145945 1.176178 1.228442 1.485989 1.694337 1.714306 
-1.021536 -0.946886 -0.837712 -0.71219 -0.591387 -0.484533 -0.363794 -0.247385 -0.11559 0.02518 0.138363 0.240788 0.359483 0.475146 0.574366 0.664725 0.753724 0.835709 0.906868 0.98841 1.079839 1.142938 1.163253 1.177428 1.329695 1.63684 1.684767 
-1.098533 -1.042073 -0.927043 -0.77171 -0.658571 -0.604002 -0.526234 -0.412818 -0.286667 -0.15574 -0.014364 0.10151 0.197431 0.306938 0.417715 0.502886 0.569348 0.62684 0.670153 0.730313 0.896968 1.097505 1.144111 1.150041 1.259573 1.574114 1.634551 
-1.189337 -1.161229 -1.059917 -0.862269 -0.754256 -0.682126 -0.594501 -0.474427 -0.34217 -0.218216 -0.074445 0.051122 0.143182 0.247895 0.365098 0.450885 0.509793 0.557858 0.587901 0.604275 0.669274 0.93998 1.085482 1.097561 1.19922 1.512408 1.575706 
-1.302018 -1.27075 -1.120598 -0.923354 -0.832519 -0.740027 -0.629372 -0.502091 -0.371551 -0.261094 -0.136911 -0.015602 0.077173 0.198305 0.350313 0.442861 0.493673 0.52574 0.538376 0.552168 0.594362 0.801225 0.988294 1.017979 1.12031 1.436565 1.506134 
-1.395401 -1.349676 -1.134016 -0.983708 -0.925034 -0.827547 -0.647466 -0.518404 -0.455426 -0.393627 -0.315039 -0.227323 -0.170882 -0.114281 0.047621 0.21381 0.30098 0.363801 0.412343 0.468969 0.553017 0.738013 0.879014 0.930531 1.050033 1.361919 1.435789 
-1.460607 -1.41392 -1.163018 -1.04293 -1.018656 -0.946585 -0.649996 -0.52168 -0.519069 -0.516261 -0.498442 -0.468893 -0.447245 -0.43149 -0.364678 -0.245421 -0.095359 0.13833 0.29066 0.393256 0.533419 0.673879 0.782789 0.864729 1.018875 1.270744 1.348423 
-1.522239 -1.485945 -1.232586 -1.097344 -1.08898 -1.069592 -0.838124 -0.598057 -0.571487 -0.576516 -0.57489 -0.559342 -0.530231 -0.482524 -0.403064 -0.29678 -0.167778 0.018579 0.178349 0.324776 0.493805 0.607981 0.71166 0.853279 1.028614 1.172338 1.248921 
-1.585489 -1.569217 -1.360462 -1.152743 -1.13242 -1.133811 -1.085893 -0.918099 -0.77168 -0.701016 -0.662741 -0.623454 -0.577699 -0.516139 -0.428624 -0.315167 -0.171234 -0.016517 0.110059 0.246362 0.406747 0.536529 0.677231 0.873686 0.996346 1.086038 1.163284 
-1.637746 -1.637582 -1.520556 -1.224793 -1.152467 -1.144778 -1.127387 -1.083377 -1.009733 -0.924939 -0.854132 -0.775646 -0.691932 -0.604558 -0.499277 -0.382056 -0.240171 -0.095249 0.037949 0.156621 0.276789 0.427626 0.627717 0.807748 0.919006 0.999997 1.051711 
-1.676292 -1.679871 -1.645691 -1.409762 -1.20434 -1.155414 -1.130707 -1.098671 -1.043227 -0.965198 -0.894408 -0.812854 -0.721788 -0.627557 -0.517134 -0.403052 -0.277914 -0.150184 -0.01077 0.110398 0.216528 0.376 0.572693 0.714686 0.822578 0.91786 0.947731 
-1.703937 -1.70391 -1.697821 -1.644784 -1.476848 -1.301374 -1.224056 -1.181585 -1.131285 -1.049891 -0.96371 -0.871234 -0.774621 -0.672951 -0.555569 -0.438911 -0.314349 -0.191456 -0.054722 0.071125 0.175631 0.321024 0.489714 0.603282 0.703933 0.836718 0.890945 
-1.717186 -1.713559 -1.705347 -1.685527 -1.639292 -1.559539 -1.491771 -1.43606 -1.376055 -1.300373 -1.202353 -1.082261 -0.968175 -0.850073 -0.712408 -0.584877 -0.444398 -0.309717 -0.180477 -0.046179 0.072571 0.197786 0.343537 0.477207 0.596712 0.734703 0.820677 
-1.72219 -1.716455 -1.704766 -1.682806 -1.645709 -1.592784 -1.544263 -1.490922 -1.42533 -1.354643 -1.263517 -1.139671 -1.021392 -0.901828 -0.760389 -0.63073 -0.484272 -0.342204 -0.21367 -0.077919 0.04747 0.167111 0.30111 0.439558 0.555282 0.664702 0.750107 
