-1.60492 -1.62137 -1.641294 -1.659979 -1.671533 -1.676844 -1.676993 -1.669611 -1.652767 -1.632645 -1.609865 -1.577498 -1.529701 -1.469293 -1.409216 -1.34554 -1.270933 -1.183136 -1.095852 -0.994383 -0.884527 -0.777945 -0.656956 -0.537995 -0.415608 -0.307047 -0.239698 
-1.58016 -1.585996 -1.583895 -1.586575 -1.59715 -1.597344 -1.594472 -1.595198 -1.589465 -1.571562 -1.544507 -1.510336 -1.458843 -1.395382 -1.339089 -1.280042 -1.208145 -1.123633 -1.03894 -0.936313 -0.831375 -0.728459 -0.612818 -0.500718 -0.359887 -0.217822 -0.137052 
-1.513178 -1.431983 -1.291222 -1.249638 -1.262914 -1.272465 -1.280389 -1.292202 -1.297976 -1.284355 -1.258296 -1.227097 -1.177862 -1.122201 -1.071773 -1.015355 -0.944309 -0.865009 -0.779438 -0.672353 -0.565423 -0.453839 -0.368983 -0.325126 -0.192202 -0.048855 0.008575 
-1.268886 -1.169064 -1.113139 -1.127764 -1.153425 -1.172935 -1.188812 -1.19768 -1.194607 -1.180745 -1.162793 -1.135537 -1.092339 -1.045154 -0.994324 -0.933851 -0.859501 -0.778626 -0.687652 -0.577035 -0.452657 -0.31352 -0.204108 -0.133665 -0.026981 0.083899 0.116743 
-1.005681 -1.025343 -1.06143 -1.100303 -1.117115 -1.107863 -1.107087 -1.114193 -1.10969 -1.104879 -1.092936 -1.057587 -1.01474 -0.97954 -0.932398 -0.867177 -0.787965 -0.703591 -0.609345 -0.507704 -0.387397 -0.241203 -0.12919 -0.059972 0.035417 0.190297 0.225071 
-0.918098 -0.94947 -0.9989 -1.004756 -0.908234 -0.801351 -0.765667 -0.780324 -0.794062 -0.805148 -0.800574 -0.767554 -0.735816 -0.705961 -0.650685 -0.574793 -0.493077 -0.401461 -0.303662 -0.237434 -0.200105 -0.105298 -0.00997 0.045477 0.133324 0.321586 0.359738 
-0.850436 -0.860229 -0.828237 -0.64947 -0.584668 -0.598636 -0.62972 -0.667318 -0.691339 -0.694097 -0.684438 -0.667324 -0.6454 -0.609389 -0.545066 -0.472984 -0.398588 -0.300135 -0.187897 -0.098835 -0.031036 0.06559 0.150698 0.195946 0.274203 0.446462 0.480003 
-0.752179 -0.748446 -0.610402 -0.444094 -0.471223 -0.533995 -0.581138 -0.597669 -0.591954 -0.570527 -0.560118 -0.558893 -0.55286 -0.545612 -0.505055 -0.444862 -0.369059 -0.227037 -0.070765 0.013071 0.064116 0.190973 0.310997 0.34205 0.40135 0.55803 0.590851 
-0.654845 -0.639411 -0.452991 -0.338095 -0.368442 -0.429062 -0.420533 -0.307346 -0.241517 -0.229802 -0.233881 -0.230858 -0.199598 -0.130301 -0.083023 -0.098505 -0.046019 0.095753 0.167221 0.176106 0.226975 0.403863 0.469916 0.461902 0.511088 0.659648 0.685006 
-0.57432 -0.541427 -0.331524 -0.236835 -0.238459 -0.241666 -0.172597 -0.091302 -0.03906 0.005047 0.056735 0.122936 0.21188 0.349895 0.483437 0.548511 0.542917 0.427111 0.349286 0.374415 0.517555 0.60027 0.57692 0.563675 0.663871 0.786316 0.782041 
-0.483496 -0.437422 -0.236482 -0.133779 -0.096267 -0.036799 0.006739 0.006662 0.046144 0.103052 0.174943 0.256269 0.342601 0.442854 0.546972 0.630796 0.669225 0.635709 0.597879 0.635595 0.685683 0.676613 0.657905 0.728968 0.885791 0.914826 0.879594 
-0.370169 -0.318691 -0.166154 -0.02818 0.048602 0.127562 0.211281 0.266968 0.266198 0.287702 0.341245 0.404448 0.480897 0.569624 0.668745 0.756183 0.807663 0.814555 0.809865 0.819702 0.799455 0.769152 0.815677 0.967491 1.023476 1.001643 0.966777 
-0.25106 -0.206862 -0.114301 0.05565 0.149753 0.218769 0.315331 0.436346 0.539319 0.641002 0.724409 0.79647 0.869349 0.937624 1.009081 1.065718 1.084709 1.061884 1.04692 1.063832 1.058871 1.05212 1.094869 1.113156 1.099795 1.123732 1.210262 
-0.121741 -0.083961 4.6e-05 0.155571 0.229619 0.284399 0.372129 0.476574 0.594502 0.717715 0.806361 0.888738 0.965221 1.02667 1.08607 1.135953 1.1724 1.189914 1.201885 1.217349 1.223102 1.221895 1.210327 1.193094 1.218621 1.396114 1.542403 
0.026883 0.078731 0.196685 0.33707 0.405259 0.429004 0.48833 0.575451 0.694452 0.80368 0.879069 0.961755 1.039864 1.098735 1.15679 1.206169 1.250351 1.289017 1.314868 1.328488 1.3502 1.375103 1.380708 1.402914 1.496323 1.602942 1.627792 
0.152331 0.21688 0.31913 0.428426 0.543363 0.662488 0.756046 0.844819 0.94919 1.035783 1.116366 1.215156 1.301416 1.367641 1.435127 1.488414 1.538433 1.58489 1.615637 1.634461 1.658008 1.674129 1.671939 1.672073 1.679637 1.669921 1.655285 
0.218421 0.276448 0.363503 0.469129 0.589781 0.715315 0.812224 0.902639 0.99999 1.08567 1.177034 1.284048 1.373291 1.446177 1.520249 1.577096 1.626906 1.666332 1.694762 1.716547 1.72816 1.731214 1.727676 1.72004 1.709352 1.692115 1.675367 
