1.15278 1.058055 0.98226 0.90938 0.807954 0.701769 0.561991 0.394161 0.275099 0.161258 0.049372 -0.064458 -0.201555 -0.311444 -0.417856 -0.606493 -0.795861 -0.953455 -1.144048 -1.318069 -1.50191 -1.618364 
1.197139 1.115259 1.028598 0.93758 0.817793 0.68222 0.518654 0.372943 0.265006 0.145963 0.027803 -0.077266 -0.198573 -0.313167 -0.432771 -0.615064 -0.793328 -0.963784 -1.134994 -1.275838 -1.462957 -1.597574 
1.268986 1.197447 1.103485 0.983765 0.833501 0.68133 0.502161 0.355749 0.250732 0.132354 0.009942 -0.08734 -0.200295 -0.323509 -0.454314 -0.619533 -0.782784 -0.972535 -1.134658 -1.253713 -1.429197 -1.565941 
1.327072 1.267338 1.183777 1.049624 0.869649 0.718914 0.532285 0.335395 0.207981 0.091366 -0.030358 -0.134115 -0.255895 -0.385565 -0.520399 -0.650295 -0.783719 -0.951707 -1.108495 -1.239995 -1.397253 -1.526259 
1.380809 1.330517 1.265838 1.163994 0.987628 0.776596 0.482878 0.193892 0.074985 -0.012539 -0.108995 -0.212609 -0.328304 -0.444643 -0.564762 -0.670313 -0.793615 -0.937768 -1.088897 -1.244554 -1.397156 -1.518395 
1.467708 1.410264 1.345249 1.274662 1.137331 0.741202 0.27701 0.098505 0.029162 -0.041511 -0.123626 -0.222497 -0.329482 -0.429358 -0.539134 -0.653316 -0.791802 -0.942413 -1.105292 -1.282387 -1.453992 -1.575128 
1.560308 1.4931 1.411458 1.34663 1.190435 0.547566 0.202926 0.105083 0.028687 -0.045311 -0.121385 -0.216966 -0.315158 -0.393852 -0.49264 -0.619346 -0.769747 -0.936307 -1.11235 -1.3067 -1.502352 -1.623237 
1.620544 1.560614 1.470314 1.393356 1.14287 0.440244 0.214463 0.125807 0.036782 -0.038503 -0.114152 -0.200217 -0.290368 -0.362325 -0.457196 -0.586578 -0.729459 -0.912459 -1.096558 -1.295663 -1.517792 -1.651725 
1.663319 1.604673 1.514925 1.418265 1.044727 0.407616 0.23736 0.146205 0.049124 -0.026074 -0.10136 -0.177444 -0.26098 -0.337227 -0.43211 -0.556241 -0.684119 -0.899523 -1.164871 -1.423791 -1.623981 -1.722436 
1.700974 1.636802 1.550327 1.43893 0.986978 0.396296 0.250129 0.16479 0.072488 0.001261 -0.074352 -0.155805 -0.24077 -0.32058 -0.411429 -0.528095 -0.700567 -1.084923 -1.373435 -1.546641 -1.667067 -1.731454 
1.743675 1.673939 1.58466 1.461524 0.96849 0.387529 0.251537 0.172897 0.095779 0.038151 -0.02427 -0.114099 -0.228229 -0.331032 -0.444572 -0.607905 -0.89752 -1.210227 -1.36418 -1.490021 -1.61399 -1.685231 
1.780762 1.713177 1.6158 1.477043 0.952549 0.380355 0.253377 0.180099 0.110558 0.058076 0.006616 -0.074124 -0.238835 -0.39814 -0.540005 -0.713989 -0.894697 -1.105377 -1.276708 -1.398949 -1.516037 -1.592399 
1.791365 1.725414 1.632186 1.505746 1.029683 0.409724 0.254714 0.176495 0.110834 0.055982 -0.003698 -0.095764 -0.260165 -0.404737 -0.522959 -0.678894 -0.823708 -0.980263 -1.160896 -1.289097 -1.393734 -1.463712 
1.781645 1.72139 1.64033 1.530808 1.102991 0.436149 0.257342 0.174508 0.105796 0.045319 -0.021314 -0.115671 -0.258989 -0.385479 -0.483478 -0.615126 -0.752298 -0.877979 -1.031343 -1.158449 -1.255442 -1.316973 
1.766985 1.709958 1.628705 1.535627 1.15644 0.433661 0.263054 0.18685 0.109921 0.038065 -0.042499 -0.131574 -0.243869 -0.355498 -0.442475 -0.555625 -0.683415 -0.790412 -0.914292 -1.041727 -1.143656 -1.202869 
1.730884 1.669968 1.585268 1.512056 1.231038 0.469476 0.263742 0.191361 0.115276 0.040506 -0.053187 -0.139772 -0.225236 -0.323872 -0.408083 -0.514846 -0.637707 -0.731578 -0.829702 -0.948552 -1.058717 -1.123683 
1.6806 1.621348 1.543492 1.461567 1.271669 0.684213 0.296055 0.192365 0.117266 0.044136 -0.044696 -0.137113 -0.214189 -0.300336 -0.383933 -0.488856 -0.611863 -0.703086 -0.786979 -0.893821 -1.014804 -1.088594 
1.627848 1.571823 1.486547 1.380221 1.256186 1.013653 0.515381 0.250662 0.152299 0.071079 -0.009804 -0.107041 -0.196634 -0.282654 -0.36648 -0.466403 -0.59177 -0.697235 -0.787189 -0.903871 -1.088209 -1.200959 
1.563306 1.508567 1.417543 1.315724 1.220965 1.111655 0.879882 0.537509 0.356033 0.23182 0.133802 0.032675 -0.090978 -0.215967 -0.326739 -0.434312 -0.574719 -0.740038 -0.894134 -1.052926 -1.248376 -1.333115 
1.514561 1.4646 1.385425 1.292123 1.193662 1.092228 0.956705 0.756977 0.591681 0.437374 0.280764 0.152803 0.028212 -0.113234 -0.266123 -0.404221 -0.564376 -0.790006 -0.996965 -1.157576 -1.332446 -1.432708 
1.492293 1.445086 1.376617 1.300525 1.190056 1.049955 0.917222 0.779074 0.644325 0.490424 0.310215 0.177043 0.061718 -0.074602 -0.232305 -0.375581 -0.547163 -0.803529 -1.039337 -1.240372 -1.441851 -1.573255 
1.496721 1.44388 1.37478 1.316766 1.20405 1.01428 0.887415 0.781516 0.656968 0.492712 0.303559 0.185631 0.079461 -0.066998 -0.219131 -0.343692 -0.525951 -0.817523 -1.066881 -1.299708 -1.507697 -1.639641 
