-1.037678 -1.053982 -1.081748 -1.129397 -1.206183 -1.270808 -1.322941 -1.386312 -1.44283 -1.48282 -1.512577 -1.542109 -1.583239 -1.620744 -1.646229 -1.674186 -1.702095 -1.712329 -1.722374 -1.744738 -1.768031 -1.775033 
-0.996314 -0.998942 -1.023738 -1.072608 -1.146574 -1.218499 -1.279067 -1.328106 -1.371592 -1.413334 -1.450185 -1.483288 -1.527042 -1.566151 -1.588255 -1.609742 -1.64152 -1.661191 -1.66947 -1.682396 -1.70046 -1.706811 
-0.940617 -0.929939 -0.944684 -0.991078 -1.052792 -1.119004 -1.200978 -1.256829 -1.289025 -1.326454 -1.368487 -1.404984 -1.442778 -1.472171 -1.479012 -1.488103 -1.51837 -1.547497 -1.569566 -1.578283 -1.587249 -1.60066 
-0.890311 -0.868664 -0.862569 -0.895501 -0.957591 -1.017357 -1.088043 -1.117938 -1.108551 -1.126434 -1.157598 -1.179641 -1.186865 -1.19503 -1.177481 -1.169335 -1.18202 -1.206305 -1.274463 -1.311672 -1.332191 -1.374558 
-0.812695 -0.782302 -0.758253 -0.769898 -0.837389 -0.90213 -0.874432 -0.753799 -0.690263 -0.696729 -0.738519 -0.791238 -0.835878 -0.867189 -0.887936 -0.911269 -0.9391 -0.970037 -1.009629 -1.044746 -1.063521 -1.079153 
-0.680061 -0.665832 -0.653487 -0.656914 -0.688561 -0.676419 -0.558209 -0.529035 -0.541942 -0.570038 -0.612332 -0.667901 -0.718547 -0.751192 -0.785068 -0.821347 -0.858615 -0.892453 -0.919992 -0.945965 -0.958499 -0.960606 
-0.569499 -0.570333 -0.569734 -0.56797 -0.557097 -0.451758 -0.402114 -0.43051 -0.463607 -0.498303 -0.540102 -0.592355 -0.639943 -0.668693 -0.702173 -0.73997 -0.781096 -0.817546 -0.843373 -0.868605 -0.888224 -0.898931 
-0.495885 -0.490744 -0.483416 -0.474551 -0.430802 -0.31842 -0.307851 -0.331395 -0.358368 -0.39558 -0.444351 -0.501599 -0.563683 -0.604006 -0.640028 -0.678577 -0.716706 -0.749576 -0.74699 -0.689065 -0.619952 -0.628495 
-0.433803 -0.417645 -0.398686 -0.382734 -0.320187 -0.227537 -0.22311 -0.240219 -0.263216 -0.301168 -0.362569 -0.428911 -0.496327 -0.548022 -0.591616 -0.637103 -0.659427 -0.598809 -0.341634 0.115492 0.492321 0.597736 
-0.358939 -0.338653 -0.320569 -0.303846 -0.240789 -0.163646 -0.148178 -0.141735 -0.149369 -0.190703 -0.272413 -0.365008 -0.439109 -0.490211 -0.524687 -0.543976 -0.41058 0.184625 0.647406 0.847612 0.960285 1.012995 
-0.239802 -0.23555 -0.232072 -0.220667 -0.161207 -0.088351 -0.064855 -0.046226 -0.042093 -0.061796 -0.11225 -0.21306 -0.304864 -0.311147 -0.224377 0.009156 0.455052 0.808142 0.905925 0.959507 1.02421 1.073456 
-0.117707 -0.118032 -0.115209 -0.102398 -0.055401 -0.005504 0.012603 0.034235 0.052174 0.066475 0.092844 0.13783 0.245572 0.384614 0.518376 0.673438 0.794147 0.871463 0.922543 0.973154 1.042866 1.099404 
-0.006067 0.005256 0.015196 0.023559 0.046649 0.074873 0.092313 0.123105 0.156186 0.189832 0.236028 0.321282 0.469336 0.584984 0.66469 0.750204 0.814995 0.868644 0.92823 0.981676 1.043662 1.095035 
0.100686 0.103105 0.107821 0.11331 0.129121 0.16303 0.185479 0.206257 0.231766 0.269748 0.324209 0.409229 0.528536 0.621966 0.684824 0.755465 0.823268 0.881097 0.94171 0.991057 1.040526 1.07923 
0.208201 0.201179 0.212764 0.229554 0.235294 0.250099 0.269322 0.28576 0.308413 0.345789 0.406688 0.487985 0.579615 0.657991 0.712837 0.777029 0.848769 0.905387 0.957039 1.003584 1.042862 1.068562 
0.346946 0.355942 0.373768 0.385565 0.38742 0.343123 0.337709 0.360303 0.394231 0.438115 0.498825 0.56804 0.639066 0.70733 0.761004 0.823495 0.890616 0.936362 0.978972 1.023152 1.057237 1.077511 
0.442056 0.46371 0.488373 0.520854 0.571255 0.500254 0.414281 0.425833 0.463444 0.512848 0.573067 0.642179 0.712223 0.777667 0.831251 0.889505 0.945975 0.979441 1.011999 1.050965 1.100251 1.150033 
0.533864 0.548609 0.582232 0.647293 0.723704 0.734774 0.601663 0.536252 0.556728 0.603658 0.666639 0.745587 0.816095 0.872174 0.924803 0.981098 1.027958 1.057806 1.098662 1.167976 1.312565 1.447749 
0.666383 0.670265 0.696416 0.752919 0.824907 0.891106 0.904589 0.856191 0.853446 0.897304 0.981769 1.068272 1.099557 1.118566 1.170377 1.24269 1.297433 1.345595 1.433817 1.549994 1.654788 1.693771 
0.749933 0.757239 0.785319 0.833991 0.90036 0.976816 1.062219 1.143569 1.189363 1.237404 1.303463 1.362828 1.397898 1.431679 1.481728 1.543339 1.602477 1.663535 1.717649 1.758908 1.774634 1.763351 
0.813627 0.819593 0.856099 0.903778 0.968524 1.064008 1.161765 1.240668 1.290363 1.344002 1.42044 1.47801 1.507931 1.544257 1.597849 1.649138 1.702609 1.771203 1.814215 1.837137 1.835765 1.807205 
0.872036 0.875792 0.912224 0.957379 1.036611 1.156053 1.23497 1.292975 1.341362 1.401882 1.487955 1.540299 1.563027 1.596171 1.648019 1.693048 1.748174 1.823771 1.861593 1.874451 1.859829 1.821476 
