map size - [20, 16]
quantization error - 0.057403455496
topographic error - 0.011
topographic error and quantization error average - 0.034201727748
density - 3.125
HIT map - 
8 7 5 2 4 4 4 2 0 3 3 4 4 6 5 9 
5 3 3 1 5 2 2 2 0 2 4 3 5 3 5 8 
0 0 5 3 5 3 3 4 2 5 1 4 3 0 0 0 
8 1 0 0 3 3 2 2 1 5 4 3 0 0 6 7 
7 2 6 0 0 4 5 4 3 5 2 0 0 4 2 11 
7 5 2 3 0 0 7 6 4 3 4 0 3 4 3 7 
9 1 7 4 2 0 0 5 4 4 0 0 4 3 4 2 
3 4 2 1 5 1 0 0 6 0 0 3 5 3 4 7 
2 2 4 3 5 6 5 0 0 0 4 4 4 3 1 2 
0 1 2 3 4 7 6 0 0 5 6 4 6 2 2 2 
3 2 3 2 5 4 5 0 0 7 4 2 6 4 2 0 
2 3 1 4 3 6 0 0 0 0 4 7 2 2 3 1 
4 3 2 4 2 0 0 5 6 0 0 3 2 6 1 7 
5 6 2 4 0 0 4 4 4 5 0 0 5 2 4 3 
8 0 5 2 0 4 3 4 3 4 2 0 2 7 0 5 
9 4 4 0 0 5 2 4 3 2 5 0 0 5 7 7 
10 3 0 0 5 2 0 3 0 5 4 1 0 0 1 12 
0 0 0 2 4 2 5 2 2 3 3 5 5 3 0 0 
7 3 3 3 4 4 3 2 0 2 3 2 2 5 5 7 
9 4 4 6 1 5 2 0 1 2 5 8 7 5 5 6 

