map size - [19, 17]
quantization error - 0.0598017061986
topographic error - 0.075
topographic error and quantization error average - 0.0674008530993
density - 1.85758513932
HIT map - 
3 0 5 1 2 4 1 6 4 3 3 3 6 3 0 1 8 
2 0 0 0 2 1 0 1 0 1 4 2 2 0 0 10 5 
2 3 0 4 0 0 1 4 1 1 2 0 3 0 0 0 0 
2 0 0 1 2 4 1 2 2 2 2 4 0 0 0 0 0 
1 1 3 3 1 0 2 4 2 2 2 0 0 1 5 4 5 
1 3 0 2 1 1 1 2 1 4 3 0 0 4 3 2 4 
4 2 2 1 2 4 1 3 2 1 0 0 0 4 1 2 4 
0 1 2 0 2 3 0 3 0 0 0 4 2 1 2 1 3 
1 2 1 3 3 1 0 2 2 0 1 2 3 3 2 2 3 
3 2 0 2 0 3 3 1 0 1 1 3 2 0 2 4 4 
2 3 3 0 2 2 2 0 0 2 0 4 2 1 2 1 2 
4 2 2 4 4 1 0 0 3 2 2 2 2 0 2 0 4 
3 3 2 3 2 1 0 1 2 3 2 3 2 1 4 2 2 
3 0 2 2 1 0 0 2 3 2 0 0 1 3 1 1 1 
6 3 3 2 0 0 6 4 1 3 3 4 0 1 3 1 3 
3 1 1 0 0 3 1 1 3 0 3 0 0 1 1 0 0 
0 0 0 0 4 1 3 1 2 2 1 2 1 2 2 3 1 
4 7 0 0 4 2 4 0 1 0 1 1 0 1 2 0 1 
9 4 0 0 8 3 5 1 4 3 5 0 5 3 1 1 1 

