0.121611 0.171327 0.221042 0.270758 0.320473 0.370189 0.419904 0.46962 0.519335 0.56905 0.618766 0.668481 0.718197 0.767912 0.817628 0.867343 0.917059 0.966774 1.01649 1.066205 1.115921 1.165636 1.215352 1.265067 1.314783 1.364498 1.414214 
0.025622 0.075338 0.125053 0.174769 0.224484 0.2742 0.323915 0.37363 0.423346 0.473061 0.522777 0.572492 0.622208 0.671923 0.721639 0.771354 0.82107 0.870785 0.920501 0.970216 1.019932 1.069647 1.119363 1.169078 1.218794 1.268509 1.318225 
-0.070367 -0.020651 0.029064 0.07878 0.128495 0.17821 0.227926 0.277641 0.327357 0.377072 0.426788 0.476503 0.526219 0.575934 0.62565 0.675365 0.725081 0.774796 0.824512 0.874227 0.923943 0.973658 1.023374 1.073089 1.122805 1.17252 1.222235 
-0.166356 -0.11664 -0.066925 -0.01721 0.032506 0.082221 0.131937 0.181652 0.231368 0.281083 0.330799 0.380514 0.43023 0.479945 0.529661 0.579376 0.629092 0.678807 0.728523 0.778238 0.827954 0.877669 0.927385 0.9771 1.026815 1.076531 1.126246 
-0.262345 -0.21263 -0.162914 -0.113199 -0.063483 -0.013768 0.035948 0.085663 0.135379 0.185094 0.23481 0.284525 0.334241 0.383956 0.433672 0.483387 0.533103 0.582818 0.632534 0.682249 0.731965 0.78168 0.831395 0.881111 0.930826 0.980542 1.030257 
-0.358334 -0.308619 -0.258903 -0.209188 -0.159472 -0.109757 -0.060041 -0.010326 0.03939 0.089105 0.138821 0.188536 0.238252 0.287967 0.337683 0.387398 0.437114 0.486829 0.536545 0.58626 0.635975 0.685691 0.735406 0.785122 0.834837 0.884553 0.934268 
-0.454323 -0.404608 -0.354892 -0.305177 -0.255461 -0.205746 -0.15603 -0.106315 -0.056599 -0.006884 0.042832 0.092547 0.142263 0.191978 0.241694 0.291409 0.341125 0.39084 0.440555 0.490271 0.539986 0.589702 0.639417 0.689133 0.738848 0.788564 0.838279 
-0.550312 -0.500597 -0.450881 -0.401166 -0.35145 -0.301735 -0.252019 -0.202304 -0.152588 -0.102873 -0.053157 -0.003442 0.046274 0.095989 0.145705 0.19542 0.245135 0.294851 0.344566 0.394282 0.443997 0.493713 0.543428 0.593144 0.642859 0.692575 0.74229 
-0.646301 -0.596586 -0.54687 -0.497155 -0.447439 -0.397724 -0.348008 -0.298293 -0.248577 -0.198862 -0.149146 -0.099431 -0.049715 0.0 0.049715 0.099431 0.149146 0.198862 0.248577 0.298293 0.348008 0.397724 0.447439 0.497155 0.54687 0.596586 0.646301 
-0.74229 -0.692575 -0.642859 -0.593144 -0.543428 -0.493713 -0.443997 -0.394282 -0.344566 -0.294851 -0.245135 -0.19542 -0.145705 -0.095989 -0.046274 0.003442 0.053157 0.102873 0.152588 0.202304 0.252019 0.301735 0.35145 0.401166 0.450881 0.500597 0.550312 
-0.838279 -0.788564 -0.738848 -0.689133 -0.639417 -0.589702 -0.539986 -0.490271 -0.440555 -0.39084 -0.341125 -0.291409 -0.241694 -0.191978 -0.142263 -0.092547 -0.042832 0.006884 0.056599 0.106315 0.15603 0.205746 0.255461 0.305177 0.354892 0.404608 0.454323 
-0.934268 -0.884553 -0.834837 -0.785122 -0.735406 -0.685691 -0.635975 -0.58626 -0.536545 -0.486829 -0.437114 -0.387398 -0.337683 -0.287967 -0.238252 -0.188536 -0.138821 -0.089105 -0.03939 0.010326 0.060041 0.109757 0.159472 0.209188 0.258903 0.308619 0.358334 
-1.030257 -0.980542 -0.930826 -0.881111 -0.831395 -0.78168 -0.731965 -0.682249 -0.632534 -0.582818 -0.533103 -0.483387 -0.433672 -0.383956 -0.334241 -0.284525 -0.23481 -0.185094 -0.135379 -0.085663 -0.035948 0.013768 0.063483 0.113199 0.162914 0.21263 0.262345 
-1.126246 -1.076531 -1.026815 -0.9771 -0.927385 -0.877669 -0.827954 -0.778238 -0.728523 -0.678807 -0.629092 -0.579376 -0.529661 -0.479945 -0.43023 -0.380514 -0.330799 -0.281083 -0.231368 -0.181652 -0.131937 -0.082221 -0.032506 0.01721 0.066925 0.11664 0.166356 
-1.222235 -1.17252 -1.122805 -1.073089 -1.023374 -0.973658 -0.923943 -0.874227 -0.824512 -0.774796 -0.725081 -0.675365 -0.62565 -0.575934 -0.526219 -0.476503 -0.426788 -0.377072 -0.327357 -0.277641 -0.227926 -0.17821 -0.128495 -0.07878 -0.029064 0.020651 0.070367 
-1.318225 -1.268509 -1.218794 -1.169078 -1.119363 -1.069647 -1.019932 -0.970216 -0.920501 -0.870785 -0.82107 -0.771354 -0.721639 -0.671923 -0.622208 -0.572492 -0.522777 -0.473061 -0.423346 -0.37363 -0.323915 -0.2742 -0.224484 -0.174769 -0.125053 -0.075338 -0.025622 
-1.414214 -1.364498 -1.314783 -1.265067 -1.215352 -1.165636 -1.115921 -1.066205 -1.01649 -0.966774 -0.917059 -0.867343 -0.817628 -0.767912 -0.718197 -0.668481 -0.618766 -0.56905 -0.519335 -0.46962 -0.419904 -0.370189 -0.320473 -0.270758 -0.221042 -0.171327 -0.121611 
