map size - [30, 35]
quantization error - 0.024830475508
topographic error - 0.05
topographic error and quantization error average - 0.037415237754
density - 0.571428571429
HIT map - 
0 1 1 0 1 0 0 2 1 1 2 1 1 1 0 1 0 0 3 1 1 2 0 2 0 1 2 3 2 2 0 0 1 0 3 
1 0 0 0 0 1 1 1 0 0 1 0 0 0 1 1 2 1 1 0 0 0 2 0 1 1 0 0 0 0 0 1 1 0 3 
0 0 0 1 0 1 0 0 0 0 0 2 0 1 2 0 0 0 0 1 1 1 0 2 2 2 0 1 2 0 0 4 0 1 0 
1 0 0 0 0 0 0 1 1 0 0 2 0 0 0 0 0 1 1 1 0 0 1 0 0 0 0 0 0 0 0 0 0 1 2 
1 0 0 1 0 1 0 0 0 0 0 1 1 0 1 0 1 0 2 0 1 0 1 0 2 0 0 1 2 0 0 4 1 1 1 
0 1 0 0 1 1 0 0 2 1 0 0 1 0 2 1 0 2 0 0 0 1 1 0 0 1 1 0 0 0 0 0 0 0 0 
1 0 1 0 0 0 1 0 0 1 0 3 0 1 0 1 0 0 0 1 1 1 0 0 2 1 1 0 0 0 0 0 0 0 0 
0 0 0 0 1 0 1 0 0 1 0 0 1 0 0 0 2 1 0 1 0 0 1 0 1 0 0 0 0 1 2 0 2 0 1 
1 0 0 0 1 0 0 0 1 0 1 0 0 2 0 1 0 1 2 1 1 1 0 1 1 0 0 0 1 1 0 1 0 0 2 
0 0 1 1 0 0 2 0 0 0 0 1 1 2 0 0 0 2 0 0 0 1 2 0 0 0 0 2 0 2 1 2 1 0 1 
0 1 0 0 0 1 0 0 0 1 0 0 1 0 1 0 1 0 0 1 0 0 1 0 0 0 0 0 2 0 0 0 0 1 2 
1 1 0 2 0 0 0 2 1 0 1 1 0 2 0 2 0 2 0 1 1 0 0 0 0 2 0 1 0 1 0 1 0 0 2 
0 1 0 0 1 0 1 0 0 2 0 0 1 0 0 0 0 0 0 1 0 0 0 1 2 0 1 0 1 1 0 1 0 2 1 
1 0 1 1 1 0 0 1 0 0 1 1 0 0 0 2 1 2 0 0 0 0 0 0 0 1 0 1 1 0 0 1 1 0 1 
2 0 1 0 0 1 0 1 1 0 1 0 1 1 0 0 0 0 0 0 1 0 1 2 1 0 0 0 0 0 2 0 1 0 1 
1 0 1 1 1 1 0 0 0 0 2 0 0 1 1 0 0 0 0 1 1 0 0 0 0 0 1 3 0 1 0 0 0 0 2 
0 1 0 0 1 0 3 0 1 0 1 0 2 0 0 0 0 1 2 0 0 0 1 1 1 1 1 0 0 0 1 0 1 0 2 
1 1 1 2 0 1 0 0 3 0 0 0 0 0 0 0 1 0 0 0 2 0 2 1 0 1 0 0 1 1 0 2 1 0 0 
1 1 0 1 0 1 0 0 2 0 1 0 0 0 0 1 1 1 2 1 0 1 1 0 0 2 0 0 1 0 1 0 0 1 2 
2 0 0 0 2 0 1 1 0 0 0 0 1 1 3 0 1 0 0 0 1 0 0 1 1 0 1 0 1 0 0 1 1 1 0 
1 0 1 0 1 0 1 1 1 0 0 1 0 0 0 0 1 0 2 0 1 2 0 0 0 0 0 0 1 0 1 0 1 0 0 
2 1 0 1 0 2 0 0 0 0 1 2 1 0 1 1 0 0 1 0 0 0 1 2 0 0 1 0 1 0 0 0 0 0 1 
2 1 0 1 1 0 0 0 0 1 1 0 1 2 1 0 2 2 0 1 1 0 0 1 0 1 1 0 1 0 2 0 1 0 0 
0 2 2 1 0 0 0 1 1 0 0 1 0 0 0 0 0 1 2 0 1 1 0 0 1 0 1 0 1 1 0 0 0 0 2 
0 0 0 0 0 0 1 1 0 1 1 1 1 0 2 1 0 0 0 0 0 0 0 1 0 0 2 0 1 0 0 1 1 1 0 
0 0 0 0 0 0 1 0 1 0 1 0 0 1 0 0 0 1 0 1 1 0 0 1 0 0 0 1 0 0 1 0 0 0 1 
3 1 1 4 0 0 2 1 2 0 2 1 0 1 0 1 1 0 0 1 0 0 1 0 1 1 1 0 0 1 1 0 0 0 0 
2 0 2 0 0 0 1 0 1 1 2 0 0 0 1 0 0 1 0 0 2 0 1 0 2 1 0 1 0 0 0 1 0 0 1 
1 1 1 1 0 0 3 0 0 0 0 0 0 1 1 0 0 1 2 0 1 0 1 0 0 0 1 1 0 1 0 0 0 0 0 
3 1 1 2 0 0 2 2 2 1 1 3 0 2 0 1 2 1 1 0 1 2 1 0 2 0 0 0 1 0 1 0 0 0 1 

