-1.414214 -1.37454 -1.334867 -1.295194 -1.255521 -1.215847 -1.176174 -1.136501 -1.096828 -1.057155 -1.017481 -0.977808 -0.938135 -0.898462 -0.858788 -0.819115 -0.779442 -0.739769 -0.700096 -0.660422 -0.620749 -0.581076 -0.541403 -0.50173 -0.462056 -0.422383 
-1.384591 -1.344918 -1.305245 -1.265571 -1.225898 -1.186225 -1.146552 -1.106879 -1.067205 -1.027532 -0.987859 -0.948186 -0.908512 -0.868839 -0.829166 -0.789493 -0.74982 -0.710146 -0.670473 -0.6308 -0.591127 -0.551453 -0.51178 -0.472107 -0.432434 -0.392761 
-1.354969 -1.315295 -1.275622 -1.235949 -1.196276 -1.156602 -1.116929 -1.077256 -1.037583 -0.99791 -0.958236 -0.918563 -0.87889 -0.839217 -0.799543 -0.75987 -0.720197 -0.680524 -0.640851 -0.601177 -0.561504 -0.521831 -0.482158 -0.442484 -0.402811 -0.363138 
-1.325346 -1.285673 -1.246 -1.206326 -1.166653 -1.12698 -1.087307 -1.047633 -1.00796 -0.968287 -0.928614 -0.888941 -0.849267 -0.809594 -0.769921 -0.730248 -0.690574 -0.650901 -0.611228 -0.571555 -0.531882 -0.492208 -0.452535 -0.412862 -0.373189 -0.333516 
-1.295723 -1.25605 -1.216377 -1.176704 -1.137031 -1.097357 -1.057684 -1.018011 -0.978338 -0.938664 -0.898991 -0.859318 -0.819645 -0.779972 -0.740298 -0.700625 -0.660952 -0.621279 -0.581606 -0.541932 -0.502259 -0.462586 -0.422913 -0.383239 -0.343566 -0.303893 
-1.266101 -1.226428 -1.186754 -1.147081 -1.107408 -1.067735 -1.028062 -0.988388 -0.948715 -0.909042 -0.869369 -0.829696 -0.790022 -0.750349 -0.710676 -0.671003 -0.631329 -0.591656 -0.551983 -0.51231 -0.472637 -0.432963 -0.39329 -0.353617 -0.313944 -0.27427 
-1.236478 -1.196805 -1.157132 -1.117459 -1.077786 -1.038112 -0.998439 -0.958766 -0.919093 -0.879419 -0.839746 -0.800073 -0.7604 -0.720727 -0.681053 -0.64138 -0.601707 -0.562034 -0.52236 -0.482687 -0.443014 -0.403341 -0.363668 -0.323994 -0.284321 -0.244648 
-1.206856 -1.167183 -1.127509 -1.087836 -1.048163 -1.00849 -0.968817 -0.929143 -0.88947 -0.849797 -0.810124 -0.77045 -0.730777 -0.691104 -0.651431 -0.611758 -0.572084 -0.532411 -0.492738 -0.453065 -0.413391 -0.373718 -0.334045 -0.294372 -0.254699 -0.215025 
-1.177233 -1.13756 -1.097887 -1.058214 -1.01854 -0.978867 -0.939194 -0.899521 -0.859848 -0.820174 -0.780501 -0.740828 -0.701155 -0.661481 -0.621808 -0.582135 -0.542462 -0.502789 -0.463115 -0.423442 -0.383769 -0.344096 -0.304423 -0.264749 -0.225076 -0.185403 
-1.147611 -1.107938 -1.068264 -1.028591 -0.988918 -0.949245 -0.909572 -0.869898 -0.830225 -0.790552 -0.750879 -0.711205 -0.671532 -0.631859 -0.592186 -0.552513 -0.512839 -0.473166 -0.433493 -0.39382 -0.354146 -0.314473 -0.2748 -0.235127 -0.195454 -0.15578 
-1.117988 -1.078315 -1.038642 -0.998969 -0.959295 -0.919622 -0.879949 -0.840276 -0.800603 -0.760929 -0.721256 -0.681583 -0.64191 -0.602236 -0.562563 -0.52289 -0.483217 -0.443544 -0.40387 -0.364197 -0.324524 -0.284851 -0.245177 -0.205504 -0.165831 -0.126158 
-1.088366 -1.048693 -1.009019 -0.969346 -0.929673 -0.89 -0.850326 -0.810653 -0.77098 -0.731307 -0.691634 -0.65196 -0.612287 -0.572614 -0.532941 -0.493267 -0.453594 -0.413921 -0.374248 -0.334575 -0.294901 -0.255228 -0.215555 -0.175882 -0.136209 -0.096535 
-1.058743 -1.01907 -0.979397 -0.939724 -0.90005 -0.860377 -0.820704 -0.781031 -0.741357 -0.701684 -0.662011 -0.622338 -0.582665 -0.542991 -0.503318 -0.463645 -0.423972 -0.384299 -0.344625 -0.304952 -0.265279 -0.225606 -0.185932 -0.146259 -0.106586 -0.066913 
-1.029121 -0.989447 -0.949774 -0.910101 -0.870428 -0.830755 -0.791081 -0.751408 -0.711735 -0.672062 -0.632389 -0.592715 -0.553042 -0.513369 -0.473696 -0.434022 -0.394349 -0.354676 -0.315003 -0.27533 -0.235656 -0.195983 -0.15631 -0.116637 -0.076963 -0.03729 
-0.999498 -0.959825 -0.920152 -0.880479 -0.840805 -0.801132 -0.761459 -0.721786 -0.682112 -0.642439 -0.602766 -0.563093 -0.52342 -0.483746 -0.444073 -0.4044 -0.364727 -0.325053 -0.28538 -0.245707 -0.206034 -0.166361 -0.126687 -0.087014 -0.047341 -0.007668 
-0.969876 -0.930202 -0.890529 -0.850856 -0.811183 -0.77151 -0.731836 -0.692163 -0.65249 -0.612817 -0.573143 -0.53347 -0.493797 -0.454124 -0.414451 -0.374777 -0.335104 -0.295431 -0.255758 -0.216084 -0.176411 -0.136738 -0.097065 -0.057392 -0.017718 0.021955 
-0.940253 -0.90058 -0.860907 -0.821233 -0.78156 -0.741887 -0.702214 -0.662541 -0.622867 -0.583194 -0.543521 -0.503848 -0.464175 -0.424501 -0.384828 -0.345155 -0.305482 -0.265808 -0.226135 -0.186462 -0.146789 -0.107116 -0.067442 -0.027769 0.011904 0.051577 
-0.910631 -0.870957 -0.831284 -0.791611 -0.751938 -0.712265 -0.672591 -0.632918 -0.593245 -0.553572 -0.513898 -0.474225 -0.434552 -0.394879 -0.355206 -0.315532 -0.275859 -0.236186 -0.196513 -0.156839 -0.117166 -0.077493 -0.03782 0.001853 0.041527 0.0812 
-0.881008 -0.841335 -0.801662 -0.761988 -0.722315 -0.682642 -0.642969 -0.603296 -0.563622 -0.523949 -0.484276 -0.444603 -0.404929 -0.365256 -0.325583 -0.28591 -0.246237 -0.206563 -0.16689 -0.127217 -0.087544 -0.04787 -0.008197 0.031476 0.071149 0.110822 
-0.851386 -0.811712 -0.772039 -0.732366 -0.692693 -0.653019 -0.613346 -0.573673 -0.534 -0.494327 -0.454653 -0.41498 -0.375307 -0.335634 -0.29596 -0.256287 -0.216614 -0.176941 -0.137268 -0.097594 -0.057921 -0.018248 0.021425 0.061098 0.100772 0.140445 
-0.821763 -0.78209 -0.742417 -0.702743 -0.66307 -0.623397 -0.583724 -0.54405 -0.504377 -0.464704 -0.425031 -0.385358 -0.345684 -0.306011 -0.266338 -0.226665 -0.186992 -0.147318 -0.107645 -0.067972 -0.028299 0.011375 0.051048 0.090721 0.130394 0.170067 
-0.792141 -0.752467 -0.712794 -0.673121 -0.633448 -0.593774 -0.554101 -0.514428 -0.474755 -0.435082 -0.395408 -0.355735 -0.316062 -0.276389 -0.236715 -0.197042 -0.157369 -0.117696 -0.078023 -0.038349 0.001324 0.040997 0.08067 0.120344 0.160017 0.19969 
-0.762518 -0.722845 -0.683172 -0.643498 -0.603825 -0.564152 -0.524479 -0.484805 -0.445132 -0.405459 -0.365786 -0.326113 -0.286439 -0.246766 -0.207093 -0.16742 -0.127746 -0.088073 -0.0484 -0.008727 0.030946 0.07062 0.110293 0.149966 0.189639 0.229313 
-0.732895 -0.693222 -0.653549 -0.613876 -0.574203 -0.534529 -0.494856 -0.455183 -0.41551 -0.375836 -0.336163 -0.29649 -0.256817 -0.217144 -0.17747 -0.137797 -0.098124 -0.058451 -0.018778 0.020896 0.060569 0.100242 0.139915 0.179589 0.219262 0.258935 
-0.703273 -0.6636 -0.623926 -0.584253 -0.54458 -0.504907 -0.465234 -0.42556 -0.385887 -0.346214 -0.306541 -0.266868 -0.227194 -0.187521 -0.147848 -0.108175 -0.068501 -0.028828 0.010845 0.050518 0.090191 0.129865 0.169538 0.209211 0.248884 0.288558 
-0.67365 -0.633977 -0.594304 -0.554631 -0.514958 -0.475284 -0.435611 -0.395938 -0.356265 -0.316591 -0.276918 -0.237245 -0.197572 -0.157899 -0.118225 -0.078552 -0.038879 0.000794 0.040468 0.080141 0.119814 0.159487 0.19916 0.238834 0.278507 0.31818 
-0.644028 -0.604355 -0.564681 -0.525008 -0.485335 -0.445662 -0.405989 -0.366315 -0.326642 -0.286969 -0.247296 -0.207622 -0.167949 -0.128276 -0.088603 -0.04893 -0.009256 0.030417 0.07009 0.109763 0.149437 0.18911 0.228783 0.268456 0.308129 0.347803 
-0.614405 -0.574732 -0.535059 -0.495386 -0.455712 -0.416039 -0.376366 -0.336693 -0.29702 -0.257346 -0.217673 -0.178 -0.138327 -0.098653 -0.05898 -0.019307 0.020366 0.060039 0.099713 0.139386 0.179059 0.218732 0.258405 0.298079 0.337752 0.377425 
-0.584783 -0.54511 -0.505436 -0.465763 -0.42609 -0.386417 -0.346744 -0.30707 -0.267397 -0.227724 -0.188051 -0.148377 -0.108704 -0.069031 -0.029358 0.010315 0.049989 0.089662 0.129335 0.169008 0.208682 0.248355 0.288028 0.327701 0.367374 0.407048 
-0.55516 -0.515487 -0.475814 -0.436141 -0.396467 -0.356794 -0.317121 -0.277448 -0.237775 -0.198101 -0.158428 -0.118755 -0.079082 -0.039408 0.000265 0.039938 0.079611 0.119284 0.158958 0.198631 0.238304 0.277977 0.317651 0.357324 0.396997 0.43667 
-0.525538 -0.485865 -0.446191 -0.406518 -0.366845 -0.327172 -0.287498 -0.247825 -0.208152 -0.168479 -0.128806 -0.089132 -0.049459 -0.009786 0.029887 0.069561 0.109234 0.148907 0.18858 0.228253 0.267927 0.3076 0.347273 0.386946 0.426619 0.466293 
-0.495915 -0.456242 -0.416569 -0.376896 -0.337222 -0.297549 -0.257876 -0.218203 -0.178529 -0.138856 -0.099183 -0.05951 -0.019837 0.019837 0.05951 0.099183 0.138856 0.178529 0.218203 0.257876 0.297549 0.337222 0.376896 0.416569 0.456242 0.495915 
-0.466293 -0.426619 -0.386946 -0.347273 -0.3076 -0.267927 -0.228253 -0.18858 -0.148907 -0.109234 -0.069561 -0.029887 0.009786 0.049459 0.089132 0.128806 0.168479 0.208152 0.247825 0.287498 0.327172 0.366845 0.406518 0.446191 0.485865 0.525538 
-0.43667 -0.396997 -0.357324 -0.317651 -0.277977 -0.238304 -0.198631 -0.158958 -0.119284 -0.079611 -0.039938 -0.000265 0.039408 0.079082 0.118755 0.158428 0.198101 0.237775 0.277448 0.317121 0.356794 0.396467 0.436141 0.475814 0.515487 0.55516 
-0.407048 -0.367374 -0.327701 -0.288028 -0.248355 -0.208682 -0.169008 -0.129335 -0.089662 -0.049989 -0.010315 0.029358 0.069031 0.108704 0.148377 0.188051 0.227724 0.267397 0.30707 0.346744 0.386417 0.42609 0.465763 0.505436 0.54511 0.584783 
-0.377425 -0.337752 -0.298079 -0.258405 -0.218732 -0.179059 -0.139386 -0.099713 -0.060039 -0.020366 0.019307 0.05898 0.098653 0.138327 0.178 0.217673 0.257346 0.29702 0.336693 0.376366 0.416039 0.455712 0.495386 0.535059 0.574732 0.614405 
-0.347803 -0.308129 -0.268456 -0.228783 -0.18911 -0.149437 -0.109763 -0.07009 -0.030417 0.009256 0.04893 0.088603 0.128276 0.167949 0.207622 0.247296 0.286969 0.326642 0.366315 0.405989 0.445662 0.485335 0.525008 0.564681 0.604355 0.644028 
-0.31818 -0.278507 -0.238834 -0.19916 -0.159487 -0.119814 -0.080141 -0.040468 -0.000794 0.038879 0.078552 0.118225 0.157899 0.197572 0.237245 0.276918 0.316591 0.356265 0.395938 0.435611 0.475284 0.514958 0.554631 0.594304 0.633977 0.67365 
-0.288558 -0.248884 -0.209211 -0.169538 -0.129865 -0.090191 -0.050518 -0.010845 0.028828 0.068501 0.108175 0.147848 0.187521 0.227194 0.266868 0.306541 0.346214 0.385887 0.42556 0.465234 0.504907 0.54458 0.584253 0.623926 0.6636 0.703273 
-0.258935 -0.219262 -0.179589 -0.139915 -0.100242 -0.060569 -0.020896 0.018778 0.058451 0.098124 0.137797 0.17747 0.217144 0.256817 0.29649 0.336163 0.375836 0.41551 0.455183 0.494856 0.534529 0.574203 0.613876 0.653549 0.693222 0.732895 
-0.229313 -0.189639 -0.149966 -0.110293 -0.07062 -0.030946 0.008727 0.0484 0.088073 0.127746 0.16742 0.207093 0.246766 0.286439 0.326113 0.365786 0.405459 0.445132 0.484805 0.524479 0.564152 0.603825 0.643498 0.683172 0.722845 0.762518 
-0.19969 -0.160017 -0.120344 -0.08067 -0.040997 -0.001324 0.038349 0.078023 0.117696 0.157369 0.197042 0.236715 0.276389 0.316062 0.355735 0.395408 0.435082 0.474755 0.514428 0.554101 0.593774 0.633448 0.673121 0.712794 0.752467 0.792141 
-0.170067 -0.130394 -0.090721 -0.051048 -0.011375 0.028299 0.067972 0.107645 0.147318 0.186992 0.226665 0.266338 0.306011 0.345684 0.385358 0.425031 0.464704 0.504377 0.54405 0.583724 0.623397 0.66307 0.702743 0.742417 0.78209 0.821763 
-0.140445 -0.100772 -0.061098 -0.021425 0.018248 0.057921 0.097594 0.137268 0.176941 0.216614 0.256287 0.29596 0.335634 0.375307 0.41498 0.454653 0.494327 0.534 0.573673 0.613346 0.653019 0.692693 0.732366 0.772039 0.811712 0.851386 
-0.110822 -0.071149 -0.031476 0.008197 0.04787 0.087544 0.127217 0.16689 0.206563 0.246237 0.28591 0.325583 0.365256 0.404929 0.444603 0.484276 0.523949 0.563622 0.603296 0.642969 0.682642 0.722315 0.761988 0.801662 0.841335 0.881008 
-0.0812 -0.041527 -0.001853 0.03782 0.077493 0.117166 0.156839 0.196513 0.236186 0.275859 0.315532 0.355206 0.394879 0.434552 0.474225 0.513898 0.553572 0.593245 0.632918 0.672591 0.712265 0.751938 0.791611 0.831284 0.870957 0.910631 
-0.051577 -0.011904 0.027769 0.067442 0.107116 0.146789 0.186462 0.226135 0.265808 0.305482 0.345155 0.384828 0.424501 0.464175 0.503848 0.543521 0.583194 0.622867 0.662541 0.702214 0.741887 0.78156 0.821233 0.860907 0.90058 0.940253 
-0.021955 0.017718 0.057392 0.097065 0.136738 0.176411 0.216084 0.255758 0.295431 0.335104 0.374777 0.414451 0.454124 0.493797 0.53347 0.573143 0.612817 0.65249 0.692163 0.731836 0.77151 0.811183 0.850856 0.890529 0.930202 0.969876 
0.007668 0.047341 0.087014 0.126687 0.166361 0.206034 0.245707 0.28538 0.325053 0.364727 0.4044 0.444073 0.483746 0.52342 0.563093 0.602766 0.642439 0.682112 0.721786 0.761459 0.801132 0.840805 0.880479 0.920152 0.959825 0.999498 
0.03729 0.076963 0.116637 0.15631 0.195983 0.235656 0.27533 0.315003 0.354676 0.394349 0.434022 0.473696 0.513369 0.553042 0.592715 0.632389 0.672062 0.711735 0.751408 0.791081 0.830755 0.870428 0.910101 0.949774 0.989447 1.029121 
0.066913 0.106586 0.146259 0.185932 0.225606 0.265279 0.304952 0.344625 0.384299 0.423972 0.463645 0.503318 0.542991 0.582665 0.622338 0.662011 0.701684 0.741357 0.781031 0.820704 0.860377 0.90005 0.939724 0.979397 1.01907 1.058743 
0.096535 0.136209 0.175882 0.215555 0.255228 0.294901 0.334575 0.374248 0.413921 0.453594 0.493267 0.532941 0.572614 0.612287 0.65196 0.691634 0.731307 0.77098 0.810653 0.850326 0.89 0.929673 0.969346 1.009019 1.048693 1.088366 
0.126158 0.165831 0.205504 0.245177 0.284851 0.324524 0.364197 0.40387 0.443544 0.483217 0.52289 0.562563 0.602236 0.64191 0.681583 0.721256 0.760929 0.800603 0.840276 0.879949 0.919622 0.959295 0.998969 1.038642 1.078315 1.117988 
0.15578 0.195454 0.235127 0.2748 0.314473 0.354146 0.39382 0.433493 0.473166 0.512839 0.552513 0.592186 0.631859 0.671532 0.711205 0.750879 0.790552 0.830225 0.869898 0.909572 0.949245 0.988918 1.028591 1.068264 1.107938 1.147611 
0.185403 0.225076 0.264749 0.304423 0.344096 0.383769 0.423442 0.463115 0.502789 0.542462 0.582135 0.621808 0.661481 0.701155 0.740828 0.780501 0.820174 0.859848 0.899521 0.939194 0.978867 1.01854 1.058214 1.097887 1.13756 1.177233 
0.215025 0.254699 0.294372 0.334045 0.373718 0.413391 0.453065 0.492738 0.532411 0.572084 0.611758 0.651431 0.691104 0.730777 0.77045 0.810124 0.849797 0.88947 0.929143 0.968817 1.00849 1.048163 1.087836 1.127509 1.167183 1.206856 
0.244648 0.284321 0.323994 0.363668 0.403341 0.443014 0.482687 0.52236 0.562034 0.601707 0.64138 0.681053 0.720727 0.7604 0.800073 0.839746 0.879419 0.919093 0.958766 0.998439 1.038112 1.077786 1.117459 1.157132 1.196805 1.236478 
0.27427 0.313944 0.353617 0.39329 0.432963 0.472637 0.51231 0.551983 0.591656 0.631329 0.671003 0.710676 0.750349 0.790022 0.829696 0.869369 0.909042 0.948715 0.988388 1.028062 1.067735 1.107408 1.147081 1.186754 1.226428 1.266101 
0.303893 0.343566 0.383239 0.422913 0.462586 0.502259 0.541932 0.581606 0.621279 0.660952 0.700625 0.740298 0.779972 0.819645 0.859318 0.898991 0.938664 0.978338 1.018011 1.057684 1.097357 1.137031 1.176704 1.216377 1.25605 1.295723 
0.333516 0.373189 0.412862 0.452535 0.492208 0.531882 0.571555 0.611228 0.650901 0.690574 0.730248 0.769921 0.809594 0.849267 0.888941 0.928614 0.968287 1.00796 1.047633 1.087307 1.12698 1.166653 1.206326 1.246 1.285673 1.325346 
0.363138 0.402811 0.442484 0.482158 0.521831 0.561504 0.601177 0.640851 0.680524 0.720197 0.75987 0.799543 0.839217 0.87889 0.918563 0.958236 0.99791 1.037583 1.077256 1.116929 1.156602 1.196276 1.235949 1.275622 1.315295 1.354969 
0.392761 0.432434 0.472107 0.51178 0.551453 0.591127 0.6308 0.670473 0.710146 0.74982 0.789493 0.829166 0.868839 0.908512 0.948186 0.987859 1.027532 1.067205 1.106879 1.146552 1.186225 1.225898 1.265571 1.305245 1.344918 1.384591 
0.422383 0.462056 0.50173 0.541403 0.581076 0.620749 0.660422 0.700096 0.739769 0.779442 0.819115 0.858788 0.898462 0.938135 0.977808 1.017481 1.057155 1.096828 1.136501 1.176174 1.215847 1.255521 1.295194 1.334867 1.37454 1.414214 
