0.00306 0.067204 0.131347 0.19549 0.259634 0.323777 0.38792 0.452064 0.516207 0.58035 0.644494 0.708637 0.77278 0.836924 0.901067 0.96521 1.029354 1.093497 1.15764 1.221784 1.285927 1.35007 1.414214 
-0.075677 -0.011534 0.05261 0.116753 0.180896 0.24504 0.309183 0.373326 0.43747 0.501613 0.565756 0.6299 0.694043 0.758186 0.822329 0.886473 0.950616 1.014759 1.078903 1.143046 1.207189 1.271333 1.335476 
-0.154415 -0.090271 -0.026128 0.038015 0.102159 0.166302 0.230445 0.294589 0.358732 0.422875 0.487019 0.551162 0.615305 0.679449 0.743592 0.807735 0.871879 0.936022 1.000165 1.064309 1.128452 1.192595 1.256739 
-0.233152 -0.169009 -0.104865 -0.040722 0.023421 0.087565 0.151708 0.215851 0.279995 0.344138 0.408281 0.472425 0.536568 0.600711 0.664855 0.728998 0.793141 0.857285 0.921428 0.985571 1.049715 1.113858 1.178001 
-0.311889 -0.247746 -0.183603 -0.119459 -0.055316 0.008827 0.072971 0.137114 0.201257 0.265401 0.329544 0.393687 0.457831 0.521974 0.586117 0.650261 0.714404 0.778547 0.84269 0.906834 0.970977 1.03512 1.099264 
-0.390627 -0.326484 -0.26234 -0.198197 -0.134054 -0.06991 -0.005767 0.058376 0.12252 0.186663 0.250806 0.31495 0.379093 0.443236 0.50738 0.571523 0.635666 0.69981 0.763953 0.828096 0.89224 0.956383 1.020526 
-0.469364 -0.405221 -0.341078 -0.276934 -0.212791 -0.148648 -0.084504 -0.020361 0.043782 0.107926 0.172069 0.236212 0.300356 0.364499 0.428642 0.492786 0.556929 0.621072 0.685216 0.749359 0.813502 0.877646 0.941789 
-0.548102 -0.483958 -0.419815 -0.355672 -0.291528 -0.227385 -0.163242 -0.099098 -0.034955 0.029188 0.093332 0.157475 0.221618 0.285762 0.349905 0.414048 0.478192 0.542335 0.606478 0.670622 0.734765 0.798908 0.863051 
-0.626839 -0.562696 -0.498553 -0.434409 -0.370266 -0.306123 -0.241979 -0.177836 -0.113693 -0.049549 0.014594 0.078737 0.142881 0.207024 0.271167 0.335311 0.399454 0.463597 0.527741 0.591884 0.656027 0.720171 0.784314 
-0.705577 -0.641433 -0.57729 -0.513147 -0.449003 -0.38486 -0.320717 -0.256573 -0.19243 -0.128287 -0.064143 -0.0 0.064143 0.128287 0.19243 0.256573 0.320717 0.38486 0.449003 0.513147 0.57729 0.641433 0.705577 
-0.784314 -0.720171 -0.656027 -0.591884 -0.527741 -0.463597 -0.399454 -0.335311 -0.271167 -0.207024 -0.142881 -0.078737 -0.014594 0.049549 0.113693 0.177836 0.241979 0.306123 0.370266 0.434409 0.498553 0.562696 0.626839 
-0.863051 -0.798908 -0.734765 -0.670622 -0.606478 -0.542335 -0.478192 -0.414048 -0.349905 -0.285762 -0.221618 -0.157475 -0.093332 -0.029188 0.034955 0.099098 0.163242 0.227385 0.291528 0.355672 0.419815 0.483958 0.548102 
-0.941789 -0.877646 -0.813502 -0.749359 -0.685216 -0.621072 -0.556929 -0.492786 -0.428642 -0.364499 -0.300356 -0.236212 -0.172069 -0.107926 -0.043782 0.020361 0.084504 0.148648 0.212791 0.276934 0.341078 0.405221 0.469364 
-1.020526 -0.956383 -0.89224 -0.828096 -0.763953 -0.69981 -0.635666 -0.571523 -0.50738 -0.443236 -0.379093 -0.31495 -0.250806 -0.186663 -0.12252 -0.058376 0.005767 0.06991 0.134054 0.198197 0.26234 0.326484 0.390627 
-1.099264 -1.03512 -0.970977 -0.906834 -0.84269 -0.778547 -0.714404 -0.650261 -0.586117 -0.521974 -0.457831 -0.393687 -0.329544 -0.265401 -0.201257 -0.137114 -0.072971 -0.008827 0.055316 0.119459 0.183603 0.247746 0.311889 
-1.178001 -1.113858 -1.049715 -0.985571 -0.921428 -0.857285 -0.793141 -0.728998 -0.664855 -0.600711 -0.536568 -0.472425 -0.408281 -0.344138 -0.279995 -0.215851 -0.151708 -0.087565 -0.023421 0.040722 0.104865 0.169009 0.233152 
-1.256739 -1.192595 -1.128452 -1.064309 -1.000165 -0.936022 -0.871879 -0.807735 -0.743592 -0.679449 -0.615305 -0.551162 -0.487019 -0.422875 -0.358732 -0.294589 -0.230445 -0.166302 -0.102159 -0.038015 0.026128 0.090271 0.154415 
-1.335476 -1.271333 -1.207189 -1.143046 -1.078903 -1.014759 -0.950616 -0.886473 -0.822329 -0.758186 -0.694043 -0.6299 -0.565756 -0.501613 -0.43747 -0.373326 -0.309183 -0.24504 -0.180896 -0.116753 -0.05261 0.011534 0.075677 
-1.414214 -1.35007 -1.285927 -1.221784 -1.15764 -1.093497 -1.029354 -0.96521 -0.901067 -0.836924 -0.77278 -0.708637 -0.644494 -0.58035 -0.516207 -0.452064 -0.38792 -0.323777 -0.259634 -0.19549 -0.131347 -0.067204 -0.00306 
