-0.023635 -0.068493 -0.11335 -0.158207 -0.203065 -0.247922 -0.292779 -0.337637 -0.382494 -0.427351 -0.472209 -0.517066 -0.561924 -0.606781 -0.651638 -0.696496 -0.741353 -0.78621 -0.831068 -0.875925 -0.920783 -0.96564 -1.010497 -1.055355 -1.100212 -1.145069 -1.189927 -1.234784 -1.279641 -1.324499 -1.369356 -1.414214 
0.015226 -0.029632 -0.074489 -0.119346 -0.164204 -0.209061 -0.253919 -0.298776 -0.343633 -0.388491 -0.433348 -0.478205 -0.523063 -0.56792 -0.612778 -0.657635 -0.702492 -0.74735 -0.792207 -0.837064 -0.881922 -0.926779 -0.971636 -1.016494 -1.061351 -1.106209 -1.151066 -1.195923 -1.240781 -1.285638 -1.330495 -1.375353 
0.054086 0.009229 -0.035628 -0.080486 -0.125343 -0.1702 -0.215058 -0.259915 -0.304773 -0.34963 -0.394487 -0.439345 -0.484202 -0.529059 -0.573917 -0.618774 -0.663631 -0.708489 -0.753346 -0.798204 -0.843061 -0.887918 -0.932776 -0.977633 -1.02249 -1.067348 -1.112205 -1.157063 -1.20192 -1.246777 -1.291635 -1.336492 
0.092947 0.04809 0.003232 -0.041625 -0.086482 -0.13134 -0.176197 -0.221054 -0.265912 -0.310769 -0.355627 -0.400484 -0.445341 -0.490199 -0.535056 -0.579913 -0.624771 -0.669628 -0.714485 -0.759343 -0.8042 -0.849058 -0.893915 -0.938772 -0.98363 -1.028487 -1.073344 -1.118202 -1.163059 -1.207916 -1.252774 -1.297631 
0.131808 0.086951 0.042093 -0.002764 -0.047622 -0.092479 -0.137336 -0.182194 -0.227051 -0.271908 -0.316766 -0.361623 -0.40648 -0.451338 -0.496195 -0.541053 -0.58591 -0.630767 -0.675625 -0.720482 -0.765339 -0.810197 -0.855054 -0.899912 -0.944769 -0.989626 -1.034484 -1.079341 -1.124198 -1.169056 -1.213913 -1.25877 
0.170669 0.125811 0.080954 0.036097 -0.008761 -0.053618 -0.098475 -0.143333 -0.18819 -0.233048 -0.277905 -0.322762 -0.36762 -0.412477 -0.457334 -0.502192 -0.547049 -0.591907 -0.636764 -0.681621 -0.726479 -0.771336 -0.816193 -0.861051 -0.905908 -0.950765 -0.995623 -1.04048 -1.085338 -1.130195 -1.175052 -1.21991 
0.20953 0.164672 0.119815 0.074957 0.0301 -0.014757 -0.059615 -0.104472 -0.149329 -0.194187 -0.239044 -0.283902 -0.328759 -0.373616 -0.418474 -0.463331 -0.508188 -0.553046 -0.597903 -0.64276 -0.687618 -0.732475 -0.777333 -0.82219 -0.867047 -0.911905 -0.956762 -1.001619 -1.046477 -1.091334 -1.136192 -1.181049 
0.24839 0.203533 0.158676 0.113818 0.068961 0.024103 -0.020754 -0.065611 -0.110469 -0.155326 -0.200183 -0.245041 -0.289898 -0.334756 -0.379613 -0.42447 -0.469328 -0.514185 -0.559042 -0.6039 -0.648757 -0.693614 -0.738472 -0.783329 -0.828187 -0.873044 -0.917901 -0.962759 -1.007616 -1.052473 -1.097331 -1.142188 
0.287251 0.242394 0.197536 0.152679 0.107822 0.062964 0.018107 -0.026751 -0.071608 -0.116465 -0.161323 -0.20618 -0.251037 -0.295895 -0.340752 -0.385609 -0.430467 -0.475324 -0.520182 -0.565039 -0.609896 -0.654754 -0.699611 -0.744468 -0.789326 -0.834183 -0.879041 -0.923898 -0.968755 -1.013613 -1.05847 -1.103327 
0.326112 0.281254 0.236397 0.19154 0.146682 0.101825 0.056968 0.01211 -0.032747 -0.077604 -0.122462 -0.167319 -0.212177 -0.257034 -0.301891 -0.346749 -0.391606 -0.436463 -0.481321 -0.526178 -0.571036 -0.615893 -0.66075 -0.705608 -0.750465 -0.795322 -0.84018 -0.885037 -0.929894 -0.974752 -1.019609 -1.064467 
0.364973 0.320115 0.275258 0.230401 0.185543 0.140686 0.095828 0.050971 0.006114 -0.038744 -0.083601 -0.128458 -0.173316 -0.218173 -0.263031 -0.307888 -0.352745 -0.397603 -0.44246 -0.487317 -0.532175 -0.577032 -0.621889 -0.666747 -0.711604 -0.756462 -0.801319 -0.846176 -0.891034 -0.935891 -0.980748 -1.025606 
0.403833 0.358976 0.314119 0.269261 0.224404 0.179547 0.134689 0.089832 0.044974 0.000117 -0.04474 -0.089598 -0.134455 -0.179312 -0.22417 -0.269027 -0.313885 -0.358742 -0.403599 -0.448457 -0.493314 -0.538171 -0.583029 -0.627886 -0.672743 -0.717601 -0.762458 -0.807316 -0.852173 -0.89703 -0.941888 -0.986745 
0.442694 0.397837 0.352979 0.308122 0.263265 0.218407 0.17355 0.128693 0.083835 0.038978 -0.00588 -0.050737 -0.095594 -0.140452 -0.185309 -0.230166 -0.275024 -0.319881 -0.364738 -0.409596 -0.454453 -0.499311 -0.544168 -0.589025 -0.633883 -0.67874 -0.723597 -0.768455 -0.813312 -0.85817 -0.903027 -0.947884 
0.481555 0.436698 0.39184 0.346983 0.302125 0.257268 0.212411 0.167553 0.122696 0.077839 0.032981 -0.011876 -0.056733 -0.101591 -0.146448 -0.191306 -0.236163 -0.28102 -0.325878 -0.370735 -0.415592 -0.46045 -0.505307 -0.550165 -0.595022 -0.639879 -0.684737 -0.729594 -0.774451 -0.819309 -0.864166 -0.909023 
0.520416 0.475558 0.430701 0.385844 0.340986 0.296129 0.251272 0.206414 0.161557 0.116699 0.071842 0.026985 -0.017873 -0.06273 -0.107587 -0.152445 -0.197302 -0.24216 -0.287017 -0.331874 -0.376732 -0.421589 -0.466446 -0.511304 -0.556161 -0.601018 -0.645876 -0.690733 -0.735591 -0.780448 -0.825305 -0.870163 
0.559276 0.514419 0.469562 0.424704 0.379847 0.33499 0.290132 0.245275 0.200418 0.15556 0.110703 0.065845 0.020988 -0.023869 -0.068727 -0.113584 -0.158441 -0.203299 -0.248156 -0.293014 -0.337871 -0.382728 -0.427586 -0.472443 -0.5173 -0.562158 -0.607015 -0.651872 -0.69673 -0.741587 -0.786445 -0.831302 
0.598137 0.55328 0.508423 0.463565 0.418708 0.37385 0.328993 0.284136 0.239278 0.194421 0.149564 0.104706 0.059849 0.014991 -0.029866 -0.074723 -0.119581 -0.164438 -0.209295 -0.254153 -0.29901 -0.343867 -0.388725 -0.433582 -0.47844 -0.523297 -0.568154 -0.613012 -0.657869 -0.702726 -0.747584 -0.792441 
0.636998 0.592141 0.547283 0.502426 0.457569 0.412711 0.367854 0.322996 0.278139 0.233282 0.188424 0.143567 0.09871 0.053852 0.008995 -0.035862 -0.08072 -0.125577 -0.170435 -0.215292 -0.260149 -0.305007 -0.349864 -0.394721 -0.439579 -0.484436 -0.529294 -0.574151 -0.619008 -0.663866 -0.708723 -0.75358 
0.675859 0.631001 0.586144 0.541287 0.496429 0.451572 0.406715 0.361857 0.317 0.272143 0.227285 0.182428 0.13757 0.092713 0.047856 0.002998 -0.041859 -0.086716 -0.131574 -0.176431 -0.221289 -0.266146 -0.311003 -0.355861 -0.400718 -0.445575 -0.490433 -0.53529 -0.580147 -0.625005 -0.669862 -0.71472 
0.71472 0.669862 0.625005 0.580147 0.53529 0.490433 0.445575 0.400718 0.355861 0.311003 0.266146 0.221289 0.176431 0.131574 0.086716 0.041859 -0.002998 -0.047856 -0.092713 -0.13757 -0.182428 -0.227285 -0.272143 -0.317 -0.361857 -0.406715 -0.451572 -0.496429 -0.541287 -0.586144 -0.631001 -0.675859 
0.75358 0.708723 0.663866 0.619008 0.574151 0.529294 0.484436 0.439579 0.394721 0.349864 0.305007 0.260149 0.215292 0.170435 0.125577 0.08072 0.035862 -0.008995 -0.053852 -0.09871 -0.143567 -0.188424 -0.233282 -0.278139 -0.322996 -0.367854 -0.412711 -0.457569 -0.502426 -0.547283 -0.592141 -0.636998 
0.792441 0.747584 0.702726 0.657869 0.613012 0.568154 0.523297 0.47844 0.433582 0.388725 0.343867 0.29901 0.254153 0.209295 0.164438 0.119581 0.074723 0.029866 -0.014991 -0.059849 -0.104706 -0.149564 -0.194421 -0.239278 -0.284136 -0.328993 -0.37385 -0.418708 -0.463565 -0.508423 -0.55328 -0.598137 
0.831302 0.786445 0.741587 0.69673 0.651872 0.607015 0.562158 0.5173 0.472443 0.427586 0.382728 0.337871 0.293014 0.248156 0.203299 0.158441 0.113584 0.068727 0.023869 -0.020988 -0.065845 -0.110703 -0.15556 -0.200418 -0.245275 -0.290132 -0.33499 -0.379847 -0.424704 -0.469562 -0.514419 -0.559276 
0.870163 0.825305 0.780448 0.735591 0.690733 0.645876 0.601018 0.556161 0.511304 0.466446 0.421589 0.376732 0.331874 0.287017 0.24216 0.197302 0.152445 0.107587 0.06273 0.017873 -0.026985 -0.071842 -0.116699 -0.161557 -0.206414 -0.251272 -0.296129 -0.340986 -0.385844 -0.430701 -0.475558 -0.520416 
0.909023 0.864166 0.819309 0.774451 0.729594 0.684737 0.639879 0.595022 0.550165 0.505307 0.46045 0.415592 0.370735 0.325878 0.28102 0.236163 0.191306 0.146448 0.101591 0.056733 0.011876 -0.032981 -0.077839 -0.122696 -0.167553 -0.212411 -0.257268 -0.302125 -0.346983 -0.39184 -0.436698 -0.481555 
0.947884 0.903027 0.85817 0.813312 0.768455 0.723597 0.67874 0.633883 0.589025 0.544168 0.499311 0.454453 0.409596 0.364738 0.319881 0.275024 0.230166 0.185309 0.140452 0.095594 0.050737 0.00588 -0.038978 -0.083835 -0.128693 -0.17355 -0.218407 -0.263265 -0.308122 -0.352979 -0.397837 -0.442694 
0.986745 0.941888 0.89703 0.852173 0.807316 0.762458 0.717601 0.672743 0.627886 0.583029 0.538171 0.493314 0.448457 0.403599 0.358742 0.313885 0.269027 0.22417 0.179312 0.134455 0.089598 0.04474 -0.000117 -0.044974 -0.089832 -0.134689 -0.179547 -0.224404 -0.269261 -0.314119 -0.358976 -0.403833 
1.025606 0.980748 0.935891 0.891034 0.846176 0.801319 0.756462 0.711604 0.666747 0.621889 0.577032 0.532175 0.487317 0.44246 0.397603 0.352745 0.307888 0.263031 0.218173 0.173316 0.128458 0.083601 0.038744 -0.006114 -0.050971 -0.095828 -0.140686 -0.185543 -0.230401 -0.275258 -0.320115 -0.364973 
1.064467 1.019609 0.974752 0.929894 0.885037 0.84018 0.795322 0.750465 0.705608 0.66075 0.615893 0.571036 0.526178 0.481321 0.436463 0.391606 0.346749 0.301891 0.257034 0.212177 0.167319 0.122462 0.077604 0.032747 -0.01211 -0.056968 -0.101825 -0.146682 -0.19154 -0.236397 -0.281254 -0.326112 
1.103327 1.05847 1.013613 0.968755 0.923898 0.879041 0.834183 0.789326 0.744468 0.699611 0.654754 0.609896 0.565039 0.520182 0.475324 0.430467 0.385609 0.340752 0.295895 0.251037 0.20618 0.161323 0.116465 0.071608 0.026751 -0.018107 -0.062964 -0.107822 -0.152679 -0.197536 -0.242394 -0.287251 
1.142188 1.097331 1.052473 1.007616 0.962759 0.917901 0.873044 0.828187 0.783329 0.738472 0.693614 0.648757 0.6039 0.559042 0.514185 0.469328 0.42447 0.379613 0.334756 0.289898 0.245041 0.200183 0.155326 0.110469 0.065611 0.020754 -0.024103 -0.068961 -0.113818 -0.158676 -0.203533 -0.24839 
1.181049 1.136192 1.091334 1.046477 1.001619 0.956762 0.911905 0.867047 0.82219 0.777333 0.732475 0.687618 0.64276 0.597903 0.553046 0.508188 0.463331 0.418474 0.373616 0.328759 0.283902 0.239044 0.194187 0.149329 0.104472 0.059615 0.014757 -0.0301 -0.074957 -0.119815 -0.164672 -0.20953 
1.21991 1.175052 1.130195 1.085338 1.04048 0.995623 0.950765 0.905908 0.861051 0.816193 0.771336 0.726479 0.681621 0.636764 0.591907 0.547049 0.502192 0.457334 0.412477 0.36762 0.322762 0.277905 0.233048 0.18819 0.143333 0.098475 0.053618 0.008761 -0.036097 -0.080954 -0.125811 -0.170669 
1.25877 1.213913 1.169056 1.124198 1.079341 1.034484 0.989626 0.944769 0.899912 0.855054 0.810197 0.765339 0.720482 0.675625 0.630767 0.58591 0.541053 0.496195 0.451338 0.40648 0.361623 0.316766 0.271908 0.227051 0.182194 0.137336 0.092479 0.047622 0.002764 -0.042093 -0.086951 -0.131808 
1.297631 1.252774 1.207916 1.163059 1.118202 1.073344 1.028487 0.98363 0.938772 0.893915 0.849058 0.8042 0.759343 0.714485 0.669628 0.624771 0.579913 0.535056 0.490199 0.445341 0.400484 0.355627 0.310769 0.265912 0.221054 0.176197 0.13134 0.086482 0.041625 -0.003232 -0.04809 -0.092947 
1.336492 1.291635 1.246777 1.20192 1.157063 1.112205 1.067348 1.02249 0.977633 0.932776 0.887918 0.843061 0.798204 0.753346 0.708489 0.663631 0.618774 0.573917 0.529059 0.484202 0.439345 0.394487 0.34963 0.304773 0.259915 0.215058 0.1702 0.125343 0.080486 0.035628 -0.009229 -0.054086 
1.375353 1.330495 1.285638 1.240781 1.195923 1.151066 1.106209 1.061351 1.016494 0.971636 0.926779 0.881922 0.837064 0.792207 0.74735 0.702492 0.657635 0.612778 0.56792 0.523063 0.478205 0.433348 0.388491 0.343633 0.298776 0.253919 0.209061 0.164204 0.119346 0.074489 0.029632 -0.015226 
1.414214 1.369356 1.324499 1.279641 1.234784 1.189927 1.145069 1.100212 1.055355 1.010497 0.96564 0.920783 0.875925 0.831068 0.78621 0.741353 0.696496 0.651638 0.606781 0.561924 0.517066 0.472209 0.427351 0.382494 0.337637 0.292779 0.247922 0.203065 0.158207 0.11335 0.068493 0.023635 
