-1.234105 -1.165649 -1.086706 -1.006969 -0.918024 -0.816924 -0.739353 -0.68227 -0.602179 -0.514519 -0.455363 -0.396784 -0.283823 -0.156405 -0.065351 0.076166 0.211412 0.316427 0.414527 0.511921 0.616096 0.712142 0.795059 0.872836 0.95352 0.994709 
-1.274825 -1.206713 -1.120296 -1.023481 -0.915156 -0.806812 -0.731478 -0.679773 -0.613378 -0.528109 -0.451875 -0.378831 -0.279942 -0.16915 -0.074959 0.052609 0.187791 0.308248 0.410022 0.495112 0.592076 0.712139 0.821849 0.904805 0.974378 1.014625 
-1.334663 -1.270881 -1.18653 -1.074057 -0.919891 -0.796991 -0.724569 -0.671998 -0.613129 -0.540219 -0.453196 -0.365545 -0.277766 -0.183642 -0.083833 0.036234 0.156902 0.283271 0.385594 0.4602 0.555659 0.719193 0.880066 0.964322 1.022468 1.067939 
-1.407457 -1.353169 -1.285817 -1.211904 -1.016817 -0.809632 -0.712273 -0.648458 -0.596912 -0.54504 -0.469444 -0.38043 -0.288192 -0.189899 -0.090301 0.01779 0.125014 0.237613 0.322067 0.388888 0.503559 0.758097 0.970137 1.038666 1.093709 1.146599 
-1.495041 -1.457584 -1.399085 -1.359834 -1.25356 -0.907688 -0.681526 -0.616307 -0.583364 -0.546318 -0.486307 -0.411475 -0.317255 -0.193798 -0.087526 0.000293 0.083061 0.176513 0.242117 0.287384 0.405703 0.80892 1.05563 1.107937 1.166091 1.219977 
-1.566698 -1.537749 -1.487542 -1.453784 -1.440815 -1.183871 -0.681404 -0.607558 -0.584739 -0.552193 -0.499821 -0.431491 -0.327596 -0.195496 -0.101762 -0.019659 0.048409 0.116431 0.168565 0.207073 0.349036 0.865501 1.09943 1.144093 1.204584 1.257237 
-1.624651 -1.597714 -1.563279 -1.550412 -1.559639 -1.429195 -0.785183 -0.620273 -0.592986 -0.562132 -0.512867 -0.44181 -0.33472 -0.216742 -0.138003 -0.054748 0.021993 0.076641 0.114495 0.147014 0.340156 0.944352 1.105064 1.137718 1.190084 1.23832 
-1.706189 -1.678297 -1.64855 -1.629711 -1.60705 -1.460432 -0.863665 -0.662351 -0.614763 -0.576767 -0.523523 -0.450493 -0.357068 -0.245862 -0.177028 -0.102993 -0.01465 0.03866 0.07342 0.103007 0.333788 0.973014 1.084836 1.11245 1.152659 1.191089 
-1.774588 -1.733582 -1.686949 -1.659438 -1.608237 -1.271531 -0.812762 -0.710426 -0.647517 -0.593498 -0.536436 -0.466524 -0.37983 -0.265724 -0.197332 -0.125697 -0.049367 0.000164 0.039553 0.078321 0.342717 0.939132 1.043211 1.074156 1.111625 1.140533 
-1.805792 -1.755501 -1.697908 -1.663814 -1.538267 -1.016651 -0.802525 -0.748883 -0.679957 -0.610235 -0.550352 -0.482384 -0.406662 -0.302752 -0.217766 -0.132134 -0.070445 -0.024325 0.023241 0.070503 0.337849 0.870473 0.975289 1.008044 1.051885 1.080622 
-1.801063 -1.749084 -1.692425 -1.638512 -1.351933 -0.926553 -0.829784 -0.781592 -0.705912 -0.628516 -0.574607 -0.512798 -0.442602 -0.359755 -0.273068 -0.167407 -0.091824 -0.035467 0.017027 0.066114 0.335496 0.798909 0.889992 0.932975 0.993591 1.026095 
-1.75564 -1.705792 -1.649656 -1.559766 -1.179419 -0.933792 -0.868395 -0.809232 -0.714852 -0.63938 -0.591946 -0.53498 -0.464089 -0.390653 -0.318073 -0.22656 -0.132838 -0.048618 0.012943 0.055984 0.281401 0.724325 0.809167 0.85273 0.928546 0.969863 
-1.685654 -1.635246 -1.571847 -1.465729 -1.176505 -0.978944 -0.906843 -0.833048 -0.737646 -0.666866 -0.610925 -0.542271 -0.467914 -0.398822 -0.327492 -0.252393 -0.167869 -0.06748 0.006136 0.054451 0.264781 0.668482 0.746484 0.783648 0.860641 0.911327 
-1.619071 -1.571586 -1.498652 -1.387146 -1.210441 -1.049642 -0.947614 -0.846601 -0.766559 -0.709835 -0.636294 -0.546656 -0.471568 -0.397236 -0.324641 -0.259648 -0.17087 -0.062519 0.002505 0.062743 0.332071 0.649171 0.70422 0.740873 0.820687 0.875325 
-1.567912 -1.517193 -1.426154 -1.312628 -1.201826 -1.096808 -0.993862 -0.870055 -0.785362 -0.741492 -0.665576 -0.552866 -0.467237 -0.387991 -0.319736 -0.261873 -0.153289 -0.027216 0.025498 0.101905 0.380501 0.607921 0.664063 0.708246 0.798688 0.857202 
-1.531698 -1.467095 -1.367854 -1.268349 -1.187141 -1.109337 -1.027353 -0.907622 -0.802816 -0.76366 -0.718426 -0.609905 -0.464933 -0.358195 -0.293432 -0.24377 -0.137808 0.008617 0.07444 0.17531 0.376258 0.534619 0.616962 0.683433 0.778345 0.834777 
-1.500429 -1.429785 -1.336371 -1.254889 -1.184122 -1.109419 -1.036229 -0.929183 -0.824441 -0.781994 -0.758039 -0.716508 -0.533505 -0.311213 -0.243409 -0.202499 -0.120903 0.035042 0.137528 0.233003 0.359123 0.468146 0.556432 0.64674 0.742614 0.793274 
-1.478145 -1.410174 -1.318978 -1.252251 -1.192398 -1.115402 -1.038785 -0.94197 -0.850364 -0.80025 -0.772675 -0.753616 -0.656286 -0.318328 -0.197564 -0.159549 -0.103447 0.039222 0.16672 0.244832 0.331627 0.416447 0.495387 0.580734 0.665277 0.713592 
-1.463223 -1.404833 -1.319187 -1.250512 -1.187805 -1.119266 -1.047009 -0.959844 -0.877582 -0.819599 -0.780513 -0.758663 -0.719983 -0.464749 -0.187318 -0.126391 -0.082789 0.015748 0.135557 0.222182 0.308017 0.381426 0.451498 0.518926 0.573756 0.610859 
-1.440557 -1.392541 -1.321266 -1.250161 -1.182962 -1.123153 -1.053443 -0.967556 -0.886803 -0.827215 -0.787862 -0.762433 -0.741993 -0.620643 -0.232355 -0.104718 -0.066155 -0.00794 0.069682 0.162655 0.279813 0.347911 0.404568 0.467348 0.514409 0.542618 
-1.423085 -1.384218 -1.325596 -1.261888 -1.190187 -1.128022 -1.063147 -0.984222 -0.893385 -0.828787 -0.794112 -0.766184 -0.742393 -0.686883 -0.404445 -0.119666 -0.053705 -0.012953 0.025622 0.088786 0.210231 0.286053 0.345185 0.409385 0.466343 0.495493 
-1.423343 -1.38961 -1.333319 -1.274957 -1.204785 -1.13888 -1.082038 -1.015556 -0.922503 -0.839549 -0.796011 -0.764706 -0.73028 -0.694873 -0.609101 -0.25917 -0.048352 -0.006258 0.020915 0.074216 0.151047 0.214985 0.285086 0.344552 0.410062 0.450678 
-1.434958 -1.407201 -1.346548 -1.28206 -1.225423 -1.162366 -1.098324 -1.039296 -0.966015 -0.867601 -0.802009 -0.761668 -0.710786 -0.674706 -0.648437 -0.525739 -0.138896 -0.00348 0.033783 0.078282 0.117766 0.159332 0.231121 0.274469 0.326895 0.384075 
-1.461525 -1.434599 -1.377143 -1.305045 -1.247819 -1.186563 -1.116116 -1.057172 -0.993645 -0.898853 -0.820281 -0.76068 -0.69736 -0.661523 -0.637156 -0.597952 -0.443456 -0.09196 0.045714 0.083346 0.105622 0.137155 0.201093 0.240801 0.273277 0.307136 
-1.502013 -1.46658 -1.407769 -1.33514 -1.268813 -1.207463 -1.135648 -1.061984 -0.990286 -0.910735 -0.839093 -0.770167 -0.70465 -0.655082 -0.616598 -0.580553 -0.540402 -0.397309 -0.012446 0.089502 0.114167 0.145617 0.186899 0.225378 0.258709 0.276807 
-1.544071 -1.505606 -1.4434 -1.366667 -1.28835 -1.228912 -1.157309 -1.052017 -0.968854 -0.910312 -0.847271 -0.78185 -0.714512 -0.631289 -0.584893 -0.554171 -0.527497 -0.498497 -0.282416 0.075472 0.134251 0.160224 0.183749 0.218029 0.254967 0.271603 
-1.58293 -1.545714 -1.492844 -1.425381 -1.328882 -1.255585 -1.177338 -1.043584 -0.948075 -0.894191 -0.832735 -0.770812 -0.703197 -0.610109 -0.565493 -0.532487 -0.502151 -0.481988 -0.440377 -0.1395 0.14354 0.176937 0.191678 0.218915 0.257661 0.277625 
-1.632 -1.596925 -1.556046 -1.51344 -1.415888 -1.307345 -1.214967 -1.053432 -0.927338 -0.864983 -0.799576 -0.738046 -0.681471 -0.605575 -0.548166 -0.507094 -0.47808 -0.456817 -0.434504 -0.3608 0.090708 0.189341 0.196679 0.21613 0.263185 0.290071 
-1.694858 -1.662043 -1.624491 -1.59149 -1.512543 -1.371473 -1.260573 -1.075604 -0.875612 -0.799845 -0.735415 -0.681826 -0.642871 -0.57916 -0.50252 -0.463587 -0.441005 -0.41912 -0.406205 -0.364604 0.057723 0.19211 0.197415 0.210425 0.252854 0.286753 
-1.746362 -1.707044 -1.665503 -1.638677 -1.584759 -1.416893 -1.187863 -0.879837 -0.693236 -0.658543 -0.633068 -0.609857 -0.586026 -0.529472 -0.450209 -0.41417 -0.385763 -0.368832 -0.367617 -0.278819 0.128759 0.193972 0.197924 0.21096 0.239238 0.257641 
-1.789518 -1.742403 -1.690824 -1.664596 -1.617461 -1.295609 -0.812053 -0.650653 -0.613389 -0.603604 -0.588129 -0.569777 -0.542448 -0.48114 -0.396195 -0.351299 -0.325112 -0.315416 -0.302994 -0.142362 0.166296 0.194828 0.19733 0.210139 0.240234 0.252818 
-1.80704 -1.756747 -1.698411 -1.668613 -1.60723 -1.060565 -0.653013 -0.609359 -0.596911 -0.585957 -0.56474 -0.533033 -0.484455 -0.406818 -0.335758 -0.300266 -0.274972 -0.246798 -0.200453 -0.110794 0.117308 0.190751 0.196171 0.204798 0.236973 0.247789 
-1.776311 -1.723562 -1.662685 -1.632908 -1.591678 -1.108237 -0.64136 -0.604763 -0.58754 -0.564961 -0.53312 -0.490796 -0.432235 -0.356041 -0.304634 -0.272966 -0.240684 -0.196875 -0.144447 -0.099495 0.018134 0.175558 0.195341 0.203034 0.231129 0.241622 
-1.695232 -1.646737 -1.600954 -1.582076 -1.546854 -1.154411 -0.672425 -0.620192 -0.587973 -0.550876 -0.514032 -0.474255 -0.408331 -0.318334 -0.272623 -0.23676 -0.197117 -0.15238 -0.101066 -0.066029 0.00436 0.161568 0.195384 0.205559 0.229145 0.239165 
-1.594868 -1.567554 -1.540438 -1.517959 -1.40502 -0.950766 -0.706001 -0.648023 -0.601363 -0.548758 -0.501523 -0.456889 -0.380495 -0.277387 -0.230194 -0.183084 -0.136002 -0.087379 -0.034984 -0.008159 0.054487 0.169614 0.199355 0.214248 0.237797 0.248055 
-1.513711 -1.492102 -1.462836 -1.409277 -1.172166 -0.844917 -0.726211 -0.66314 -0.612566 -0.548776 -0.477737 -0.421627 -0.350043 -0.249328 -0.180452 -0.120221 -0.070331 -0.022224 0.026061 0.055456 0.115011 0.188369 0.212337 0.235137 0.261922 0.272988 
-1.423483 -1.394085 -1.34961 -1.247795 -1.018999 -0.835731 -0.743613 -0.664301 -0.60443 -0.529962 -0.438544 -0.381969 -0.317175 -0.214343 -0.131034 -0.064438 -0.016671 0.020542 0.065323 0.100371 0.148152 0.203498 0.22871 0.256681 0.283896 0.292806 
-1.331657 -1.292998 -1.220829 -1.110805 -0.981989 -0.855274 -0.736023 -0.638165 -0.576252 -0.49643 -0.402094 -0.334197 -0.248047 -0.153438 -0.085887 -0.0178 0.026681 0.06037 0.108009 0.143779 0.179559 0.230768 0.261342 0.299997 0.333268 0.337409 
-1.253603 -1.203508 -1.122773 -1.039197 -0.956577 -0.848021 -0.695949 -0.5962 -0.535209 -0.448956 -0.352312 -0.258906 -0.156962 -0.084647 -0.032377 0.041112 0.096378 0.134071 0.170233 0.201643 0.249651 0.329461 0.378024 0.415573 0.434164 0.428099 
-1.170038 -1.115443 -1.042637 -0.971009 -0.889994 -0.78746 -0.642243 -0.537585 -0.462569 -0.362019 -0.264494 -0.174881 -0.086888 -0.024195 0.019366 0.091666 0.166536 0.20581 0.231941 0.264569 0.327527 0.416854 0.466043 0.48279 0.493792 0.499506 
-1.050477 -1.002848 -0.935477 -0.857884 -0.769233 -0.675507 -0.547878 -0.445325 -0.349399 -0.241161 -0.166582 -0.100328 -0.025358 0.027955 0.068362 0.144939 0.215659 0.246041 0.27602 0.332205 0.40833 0.473036 0.50376 0.520118 0.540896 0.555594 
-0.93555 -0.882324 -0.798955 -0.702322 -0.614037 -0.529738 -0.429323 -0.352829 -0.249162 -0.150995 -0.089265 -0.030866 0.026001 0.078425 0.131447 0.193349 0.244832 0.281597 0.330977 0.40756 0.48427 0.534101 0.559401 0.586423 0.608342 0.615426 
-0.869503 -0.789487 -0.65037 -0.540951 -0.473267 -0.396221 -0.32217 -0.26529 -0.164243 -0.079789 -0.025556 0.017508 0.063577 0.130936 0.180357 0.214474 0.263992 0.345512 0.419295 0.478972 0.547531 0.597129 0.627379 0.661303 0.683049 0.687993 
-0.579866 -0.523243 -0.417917 -0.367551 -0.339222 -0.280467 -0.217707 -0.154811 -0.071386 -0.021374 0.012209 0.049024 0.108103 0.179537 0.219776 0.256803 0.329309 0.440862 0.494962 0.531338 0.599698 0.650436 0.679277 0.70964 0.738409 0.759209 
-0.084792 -0.117059 -0.173828 -0.204463 -0.206284 -0.166238 -0.111972 -0.059912 -0.014081 0.013074 0.042196 0.109102 0.200427 0.248433 0.279701 0.327075 0.400626 0.49403 0.544156 0.575587 0.64833 0.710963 0.739289 0.762818 0.799853 0.834104 
-0.021502 -0.035589 -0.080318 -0.107046 -0.096136 -0.060017 -0.025415 -0.001904 0.018221 0.043558 0.095809 0.208038 0.287026 0.318633 0.358293 0.401475 0.46603 0.550412 0.600501 0.628035 0.700393 0.781376 0.815391 0.844725 0.884714 0.909804 
0.039544 0.034307 0.008071 -0.005482 0.019214 0.03742 0.040388 0.041065 0.058162 0.120646 0.218114 0.309802 0.350596 0.384621 0.432487 0.479382 0.54884 0.613201 0.645823 0.665947 0.741292 0.855056 0.898248 0.931394 0.958425 0.96964 
0.141857 0.131275 0.119216 0.112465 0.111483 0.106809 0.095052 0.092722 0.181025 0.333446 0.391628 0.412562 0.430061 0.460297 0.498476 0.552313 0.619202 0.661163 0.681369 0.704166 0.826367 0.956701 0.97516 0.986738 1.003451 1.01819 
0.1777 0.17326 0.175227 0.177026 0.165207 0.150004 0.139529 0.181451 0.387936 0.46919 0.475398 0.480024 0.496015 0.526273 0.567311 0.625469 0.678912 0.711562 0.727116 0.772319 0.962152 1.046636 1.041056 1.03507 1.057128 1.095819 
0.216449 0.222318 0.233189 0.229736 0.211091 0.191836 0.218793 0.393525 0.53556 0.535857 0.524651 0.527482 0.550891 0.589325 0.638429 0.691083 0.733489 0.761217 0.779293 0.868195 1.086844 1.139051 1.138852 1.126872 1.158902 1.198894 
0.301124 0.31407 0.309622 0.291917 0.266885 0.268221 0.441605 0.592242 0.610677 0.598241 0.588248 0.59466 0.623243 0.660923 0.707763 0.755368 0.798846 0.822018 0.83931 0.959594 1.197028 1.258146 1.279986 1.286711 1.291809 1.289848 
0.405859 0.392442 0.373362 0.351533 0.335683 0.406254 0.609192 0.64858 0.651388 0.654302 0.663721 0.683765 0.710204 0.744738 0.792168 0.841797 0.886557 0.911365 0.936638 1.040866 1.288145 1.373102 1.419569 1.458592 1.441339 1.410346 
0.499668 0.464658 0.429566 0.404781 0.399905 0.533232 0.679322 0.68816 0.688258 0.696567 0.715217 0.745795 0.77594 0.815292 0.863791 0.909912 0.949794 0.979662 1.012234 1.082443 1.346062 1.490609 1.551172 1.594151 1.587682 1.553268 
0.556726 0.536257 0.509349 0.505234 0.521782 0.662642 0.734085 0.731944 0.723504 0.728578 0.754351 0.793376 0.82816 0.867665 0.908359 0.950375 0.992972 1.032758 1.075461 1.132531 1.342164 1.594681 1.653832 1.685091 1.704756 1.701253 
0.609403 0.61353 0.62409 0.644034 0.667527 0.749931 0.775435 0.774034 0.772983 0.784367 0.812509 0.846111 0.879188 0.925015 0.964347 0.996518 1.03945 1.086918 1.138343 1.186661 1.321677 1.693865 1.778444 1.792248 1.814437 1.83124 
0.687295 0.702018 0.721094 0.723575 0.731159 0.792337 0.811788 0.81762 0.833964 0.852233 0.865538 0.882771 0.918991 0.991092 1.041588 1.071816 1.106447 1.140204 1.192792 1.236199 1.357501 1.812305 1.948736 1.980647 1.99865 1.992512 
0.764213 0.776953 0.788718 0.779169 0.77723 0.834368 0.856405 0.867246 0.879278 0.885614 0.890508 0.905518 0.970425 1.083203 1.141883 1.189645 1.230927 1.242628 1.275494 1.30001 1.428838 1.935277 2.0892 2.136892 2.169463 2.179899 
0.832293 0.849881 0.868099 0.875848 0.896191 0.916322 0.912439 0.91972 0.925206 0.926071 0.931804 0.953412 1.05949 1.202243 1.263909 1.330911 1.412289 1.468753 1.460597 1.43088 1.556806 2.065648 2.19612 2.235198 2.270719 2.305148 
0.910421 0.926513 0.954086 0.993012 1.03433 1.028122 0.972349 0.962057 0.968754 0.97337 0.976772 0.98801 1.083217 1.287755 1.366605 1.44165 1.527726 1.604767 1.675684 1.705685 1.808344 2.196189 2.291284 2.320539 2.364626 2.413227 
0.978934 0.990369 1.016627 1.046672 1.072135 1.079411 1.044457 1.012045 1.002724 0.997864 0.991463 0.990631 1.062349 1.344326 1.456205 1.532409 1.616085 1.708206 1.811419 1.880463 1.998724 2.278727 2.354914 2.383574 2.439824 2.494009 
1.054312 1.065722 1.088086 1.099815 1.107326 1.108702 1.089357 1.05435 1.030254 1.018952 1.012432 1.011026 1.08255 1.437377 1.571616 1.633404 1.719015 1.821352 1.918312 2.00624 2.129364 2.290689 2.363753 2.408627 2.47962 2.537859 
1.160541 1.156103 1.154362 1.153899 1.150657 1.140895 1.123678 1.091715 1.054733 1.03865 1.039844 1.049002 1.123324 1.510132 1.644882 1.689982 1.788316 1.908856 2.005667 2.091588 2.178676 2.277135 2.352149 2.413134 2.497044 2.556989 
1.242572 1.222385 1.19781 1.187298 1.178276 1.164798 1.150564 1.128827 1.080273 1.049936 1.050488 1.060848 1.111756 1.477002 1.655997 1.703202 1.835679 1.976602 2.051195 2.114675 2.188223 2.270104 2.345289 2.417269 2.507649 2.562537 
