-1.606283 -1.635611 -1.674702 -1.71265 -1.751872 -1.786744 -1.791016 -1.758057 -1.692544 -1.621752 -1.574464 -1.532988 -1.48188 -1.452166 -1.45428 -1.483371 -1.522574 -1.553783 -1.583096 -1.618373 -1.665724 -1.706029 -1.73194 -1.752769 -1.789739 -1.823801 
-1.585087 -1.6014 -1.634733 -1.678647 -1.717276 -1.735959 -1.726024 -1.690559 -1.634956 -1.57479 -1.528336 -1.485913 -1.446599 -1.430456 -1.435187 -1.458027 -1.495184 -1.528507 -1.555159 -1.584262 -1.627802 -1.676043 -1.701027 -1.709939 -1.733383 -1.765202 
-1.55861 -1.565075 -1.5849 -1.627996 -1.675436 -1.684725 -1.663582 -1.620556 -1.561352 -1.506648 -1.464752 -1.429662 -1.402151 -1.391002 -1.397494 -1.418544 -1.448646 -1.480733 -1.510172 -1.541825 -1.585464 -1.639812 -1.661775 -1.662224 -1.674675 -1.692809 
-1.521122 -1.518246 -1.518827 -1.536529 -1.60321 -1.643175 -1.607428 -1.535589 -1.466777 -1.419196 -1.382666 -1.357557 -1.346448 -1.343597 -1.346765 -1.36175 -1.387144 -1.415103 -1.442425 -1.476554 -1.529737 -1.595054 -1.611236 -1.611728 -1.623445 -1.637597 
-1.441792 -1.428256 -1.428443 -1.437704 -1.472395 -1.544053 -1.479526 -1.397305 -1.35838 -1.33412 -1.309885 -1.293662 -1.289763 -1.288652 -1.289448 -1.299345 -1.317127 -1.343677 -1.364318 -1.383288 -1.425136 -1.504499 -1.535764 -1.547894 -1.562555 -1.574851 
-1.34321 -1.332426 -1.34233 -1.35278 -1.330171 -1.315901 -1.305034 -1.284198 -1.275502 -1.267573 -1.257238 -1.246164 -1.231566 -1.220546 -1.228635 -1.24949 -1.264119 -1.276689 -1.286788 -1.300062 -1.336562 -1.405632 -1.440171 -1.461035 -1.482029 -1.495418 
-1.244824 -1.237982 -1.236541 -1.219642 -1.182793 -1.165336 -1.197815 -1.209198 -1.208322 -1.2035 -1.196748 -1.181776 -1.16765 -1.164802 -1.173682 -1.199349 -1.217202 -1.217977 -1.220707 -1.230701 -1.27001 -1.330191 -1.342522 -1.354339 -1.379584 -1.402348 
-1.088761 -1.08372 -1.076658 -1.080507 -1.099089 -1.102878 -1.078088 -1.100261 -1.122616 -1.128515 -1.124121 -1.114666 -1.113395 -1.110203 -1.110341 -1.125942 -1.144146 -1.153595 -1.161988 -1.162089 -1.170632 -1.21259 -1.23628 -1.260344 -1.286918 -1.305969 
-0.935326 -0.951234 -0.974465 -1.003506 -1.036051 -1.025697 -0.987002 -1.009457 -1.042306 -1.058118 -1.057728 -1.052833 -1.050076 -1.048642 -1.05252 -1.060992 -1.07525 -1.089762 -1.091385 -1.077954 -1.071964 -1.106051 -1.137623 -1.169749 -1.187488 -1.189266 
-0.828861 -0.851991 -0.894531 -0.934569 -0.957737 -0.935393 -0.934242 -0.953211 -0.977248 -0.988028 -0.981542 -0.972132 -0.962892 -0.973676 -0.997065 -1.017135 -1.02982 -1.033616 -1.021882 -1.00651 -0.992134 -1.000343 -1.021066 -1.039447 -1.047279 -1.044482 
-0.753741 -0.773417 -0.812272 -0.852897 -0.86875 -0.869583 -0.887024 -0.897898 -0.894268 -0.875633 -0.86485 -0.872264 -0.880232 -0.888267 -0.907303 -0.944339 -0.968286 -0.968916 -0.957494 -0.946195 -0.921341 -0.894428 -0.901066 -0.920034 -0.934812 -0.931081 
-0.688976 -0.706584 -0.728924 -0.75138 -0.784042 -0.813376 -0.833676 -0.837138 -0.817748 -0.804974 -0.810107 -0.822452 -0.828899 -0.829423 -0.836685 -0.85848 -0.884113 -0.897861 -0.89768 -0.887771 -0.859629 -0.814261 -0.809274 -0.820327 -0.832687 -0.830486 
-0.63139 -0.646973 -0.659067 -0.664235 -0.704728 -0.756116 -0.776781 -0.770454 -0.755651 -0.763311 -0.778748 -0.790538 -0.79521 -0.798943 -0.806714 -0.81832 -0.830137 -0.840432 -0.849434 -0.848866 -0.815555 -0.754896 -0.743937 -0.739319 -0.734665 -0.729416 
-0.591189 -0.607537 -0.620844 -0.625141 -0.645025 -0.685667 -0.71099 -0.711698 -0.707208 -0.71785 -0.739053 -0.756408 -0.764924 -0.772219 -0.780924 -0.792033 -0.798267 -0.79584 -0.799876 -0.804687 -0.761307 -0.706807 -0.697444 -0.684428 -0.653957 -0.628706 
-0.549137 -0.570834 -0.590524 -0.600219 -0.609842 -0.627658 -0.648856 -0.667227 -0.671831 -0.674644 -0.696672 -0.733708 -0.749262 -0.753971 -0.758454 -0.765194 -0.768428 -0.762107 -0.757688 -0.741439 -0.682129 -0.655489 -0.647919 -0.622051 -0.562132 -0.524331 
-0.504769 -0.528345 -0.55528 -0.574368 -0.585375 -0.592877 -0.601306 -0.617217 -0.625925 -0.619762 -0.621633 -0.671771 -0.729434 -0.742671 -0.741573 -0.740472 -0.73561 -0.72614 -0.714475 -0.682378 -0.631526 -0.6127 -0.601964 -0.566603 -0.493364 -0.450883 
-0.462888 -0.484227 -0.510884 -0.5325 -0.549049 -0.55634 -0.55706 -0.562851 -0.572281 -0.567052 -0.553492 -0.55905 -0.639711 -0.710359 -0.711501 -0.705455 -0.696331 -0.678594 -0.656954 -0.630843 -0.606546 -0.59239 -0.57668 -0.533353 -0.456276 -0.411671 
-0.410786 -0.430596 -0.457282 -0.47613 -0.486988 -0.49137 -0.496299 -0.507268 -0.520212 -0.519444 -0.507114 -0.492408 -0.51194 -0.63641 -0.668236 -0.660118 -0.648665 -0.629019 -0.610301 -0.599369 -0.59156 -0.581873 -0.561747 -0.514165 -0.445551 -0.400575 
-0.358608 -0.370216 -0.392024 -0.412112 -0.418299 -0.421818 -0.433515 -0.445609 -0.451835 -0.452316 -0.449322 -0.438708 -0.430116 -0.518575 -0.61854 -0.618395 -0.606641 -0.594656 -0.587506 -0.583595 -0.578809 -0.567884 -0.541235 -0.497835 -0.449187 -0.409819 
-0.291026 -0.297199 -0.312819 -0.337931 -0.357021 -0.363146 -0.365484 -0.368049 -0.372953 -0.37555 -0.38245 -0.385173 -0.374395 -0.400962 -0.545957 -0.583554 -0.577855 -0.570106 -0.567055 -0.564644 -0.553443 -0.536402 -0.507036 -0.474243 -0.441114 -0.409477 
-0.197659 -0.203683 -0.217785 -0.242757 -0.266517 -0.261102 -0.253332 -0.265872 -0.297274 -0.317177 -0.325122 -0.329027 -0.32007 -0.309591 -0.41735 -0.543992 -0.550506 -0.538349 -0.531529 -0.519066 -0.496464 -0.488776 -0.470188 -0.445817 -0.415741 -0.38738 
-0.115019 -0.115246 -0.122048 -0.125368 -0.137497 -0.152437 -0.162193 -0.176672 -0.219085 -0.26392 -0.276412 -0.276321 -0.262203 -0.237223 -0.256654 -0.427595 -0.510743 -0.504538 -0.494549 -0.472167 -0.452698 -0.454389 -0.442012 -0.411844 -0.374496 -0.349471 
-0.032944 -0.023297 -0.027746 -0.032067 -0.043234 -0.066918 -0.08328 -0.096721 -0.133703 -0.194146 -0.228053 -0.232989 -0.209551 -0.18536 -0.1766 -0.220823 -0.418755 -0.472722 -0.459088 -0.434754 -0.424081 -0.421749 -0.393375 -0.356094 -0.328493 -0.310154 
0.082507 0.090196 0.085409 0.061755 0.040145 0.018174 -0.009092 -0.036717 -0.067524 -0.111761 -0.151817 -0.164042 -0.154653 -0.150151 -0.144276 -0.135733 -0.190737 -0.376693 -0.421934 -0.41005 -0.400718 -0.383088 -0.344574 -0.323328 -0.305765 -0.289015 
0.200007 0.1906 0.178379 0.146979 0.108596 0.076114 0.039961 0.006747 -0.014422 -0.038196 -0.066263 -0.086817 -0.108791 -0.120146 -0.112429 -0.096441 -0.08466 -0.148597 -0.356405 -0.389991 -0.374921 -0.347981 -0.32231 -0.306294 -0.286492 -0.274632 
0.30796 0.293361 0.269281 0.220309 0.160488 0.120958 0.085092 0.044476 0.022698 0.007926 -0.009853 -0.026259 -0.05122 -0.065822 -0.060419 -0.056138 -0.048593 -0.047039 -0.15708 -0.345438 -0.341865 -0.318286 -0.299397 -0.27679 -0.254901 -0.249086 
0.400393 0.385997 0.364272 0.314478 0.224936 0.162943 0.121884 0.071716 0.043823 0.034131 0.027153 0.022858 0.014963 -0.004686 -0.015459 -0.017471 -0.012666 -0.002444 0.000613 -0.15875 -0.298624 -0.285522 -0.269465 -0.251853 -0.235876 -0.231254 
0.496762 0.485203 0.475856 0.445443 0.339718 0.227681 0.165893 0.100772 0.0623 0.052786 0.049646 0.051808 0.049649 0.03204 0.019686 0.019361 0.01998 0.027175 0.039129 0.019272 -0.201919 -0.237247 -0.232675 -0.228079 -0.222081 -0.219638 
0.636839 0.629135 0.611618 0.574999 0.476311 0.313248 0.219748 0.157008 0.11216 0.100052 0.096192 0.101027 0.101118 0.085058 0.071286 0.067472 0.0606 0.062772 0.066747 0.052835 -0.121308 -0.186358 -0.192099 -0.190146 -0.185766 -0.191177 
0.758481 0.739388 0.708174 0.675479 0.603909 0.420435 0.279252 0.258066 0.24845 0.224443 0.191607 0.173202 0.167379 0.155821 0.127938 0.114938 0.111597 0.108153 0.09972 0.054366 -0.102464 -0.140302 -0.153109 -0.156372 -0.14948 -0.143987 
0.855264 0.835032 0.803006 0.77744 0.728864 0.545862 0.379169 0.341658 0.311994 0.282803 0.244705 0.216561 0.207052 0.200753 0.177147 0.163438 0.15898 0.149539 0.140491 0.069082 -0.08793 -0.104264 -0.106157 -0.113616 -0.11986 -0.111269 
0.945608 0.935271 0.913547 0.894071 0.854076 0.595702 0.421069 0.388387 0.355248 0.322377 0.286596 0.25828 0.24816 0.241196 0.220827 0.20053 0.190099 0.183721 0.182591 0.154887 -0.013316 -0.064086 -0.056881 -0.057521 -0.077774 -0.081353 
1.029632 1.022151 1.010002 1.000594 0.97856 0.712687 0.463317 0.44085 0.419651 0.393624 0.360616 0.323323 0.290281 0.264235 0.244389 0.222237 0.204624 0.196818 0.194664 0.189308 0.113423 -0.005329 -0.016292 -0.02007 -0.048527 -0.063887 
1.124181 1.105878 1.080092 1.060715 1.037474 0.842426 0.574461 0.528473 0.498072 0.468945 0.438031 0.397288 0.335504 0.281674 0.261739 0.243558 0.224158 0.207829 0.197656 0.193508 0.158168 0.050696 0.023952 0.016853 -0.009489 -0.038432 
1.209219 1.167631 1.119736 1.08696 1.028074 0.820152 0.675993 0.619131 0.572714 0.524405 0.48782 0.458184 0.405001 0.321995 0.283539 0.259548 0.241962 0.222771 0.201585 0.193189 0.164065 0.092642 0.06272 0.044913 0.020903 0.001785 
1.248559 1.196114 1.136498 1.087809 0.967859 0.800762 0.716836 0.660147 0.616835 0.563827 0.515105 0.486226 0.446475 0.37093 0.313198 0.274666 0.25244 0.232643 0.207779 0.193666 0.164645 0.120918 0.096629 0.061953 0.020567 0.000802 
1.23658 1.186554 1.126673 1.058871 0.932615 0.819442 0.750461 0.692137 0.653447 0.606312 0.547762 0.512395 0.474513 0.405659 0.340451 0.291023 0.26299 0.242783 0.216885 0.197924 0.16982 0.133593 0.112043 0.06751 0.009624 -0.015664 
1.202037 1.15477 1.092597 1.024705 0.944145 0.856428 0.779894 0.722491 0.686197 0.642159 0.584917 0.54358 0.502102 0.446433 0.379516 0.309373 0.271812 0.24956 0.222019 0.201589 0.176806 0.13412 0.105309 0.049238 -0.021893 -0.050087 
1.175687 1.121348 1.059343 1.006757 0.953212 0.885656 0.797638 0.737896 0.701148 0.657927 0.609037 0.567831 0.521302 0.478651 0.428035 0.341936 0.283249 0.253229 0.222052 0.197941 0.170481 0.111265 0.058905 -0.010073 -0.07541 -0.102891 
1.152333 1.091088 1.034782 0.991846 0.943879 0.891697 0.815236 0.751461 0.71244 0.67307 0.628375 0.582735 0.532767 0.493856 0.454315 0.373002 0.295008 0.260416 0.231758 0.195397 0.151934 0.08364 0.027661 -0.033489 -0.099989 -0.137979 
1.106966 1.055958 1.007332 0.968703 0.924149 0.881323 0.825257 0.772167 0.730546 0.691655 0.648439 0.595811 0.540929 0.503162 0.467607 0.391309 0.30824 0.270951 0.243729 0.195639 0.135123 0.071354 0.023105 -0.036357 -0.117947 -0.161907 
1.059237 1.024408 0.978736 0.938339 0.901727 0.868223 0.824938 0.78523 0.744068 0.703338 0.660642 0.610483 0.556376 0.510509 0.473212 0.414001 0.334708 0.282591 0.24668 0.18992 0.121556 0.064756 0.017555 -0.048226 -0.133017 -0.175922 
1.039626 1.007719 0.957578 0.917839 0.891717 0.868485 0.837937 0.798745 0.751743 0.712569 0.671937 0.629992 0.581866 0.522433 0.484927 0.447947 0.375486 0.29125 0.243867 0.190741 0.110461 0.052111 0.00435 -0.061543 -0.131821 -0.17942 
1.058437 1.021055 0.964546 0.930021 0.905279 0.884412 0.864615 0.827144 0.771301 0.729984 0.691201 0.650837 0.603234 0.541366 0.50263 0.475195 0.417669 0.311774 0.252192 0.20543 0.113358 0.046864 -0.000369 -0.064016 -0.129014 -0.181038 
1.131871 1.093742 1.024421 0.981012 0.947056 0.917381 0.898569 0.86022 0.799551 0.752649 0.712209 0.664712 0.616771 0.570979 0.523277 0.48448 0.433658 0.351539 0.283724 0.231667 0.129979 0.050044 0.006964 -0.053465 -0.126354 -0.17897 
1.1502 1.125383 1.070411 1.0282 0.998788 0.96492 0.941954 0.901834 0.834396 0.77414 0.723515 0.666933 0.629358 0.601475 0.554951 0.502085 0.446488 0.381921 0.330116 0.28235 0.168709 0.060559 0.021523 -0.030573 -0.111508 -0.160302 
1.2105 1.191167 1.141319 1.087401 1.059404 1.023688 0.990836 0.949124 0.876625 0.79284 0.724851 0.674719 0.647093 0.620952 0.583138 0.534753 0.469947 0.406679 0.365486 0.330086 0.223926 0.081121 0.037363 -0.002871 -0.072705 -0.124041 
1.321312 1.289344 1.237259 1.171757 1.121629 1.077797 1.040837 0.995671 0.896074 0.798434 0.744257 0.703494 0.675194 0.643195 0.60467 0.556263 0.493816 0.435975 0.394133 0.355551 0.238476 0.105832 0.060275 0.02383 -0.027406 -0.075488 
1.372439 1.339258 1.287493 1.235743 1.180896 1.126852 1.085782 1.027461 0.883713 0.814275 0.777148 0.736152 0.703931 0.671632 0.627831 0.573248 0.517174 0.474194 0.435233 0.370319 0.207041 0.125722 0.091224 0.052117 0.015377 -0.008641 
1.445066 1.418452 1.364855 1.312126 1.2519 1.181931 1.118864 1.020588 0.911763 0.857065 0.812297 0.764693 0.729593 0.700312 0.652728 0.593582 0.538792 0.506236 0.479618 0.390603 0.203942 0.159066 0.142267 0.102069 0.067112 0.060437 
1.581376 1.567447 1.498763 1.42816 1.35613 1.245001 1.101464 1.014925 0.961628 0.915258 0.867085 0.808797 0.76746 0.735701 0.684928 0.626194 0.573459 0.543701 0.520477 0.414763 0.237022 0.2152 0.218732 0.191201 0.139914 0.124036 
1.716235 1.67774 1.611316 1.546688 1.488732 1.324451 1.085903 1.037139 1.00518 0.969993 0.933181 0.875624 0.826811 0.78917 0.735328 0.676834 0.627753 0.600618 0.587495 0.499822 0.296538 0.276258 0.293938 0.289681 0.234136 0.204 
1.827747 1.771936 1.704248 1.647251 1.588069 1.372724 1.138443 1.085874 1.046398 1.009891 0.97763 0.928287 0.878066 0.834259 0.781367 0.723595 0.675736 0.646585 0.637658 0.602436 0.398603 0.339669 0.359569 0.370051 0.336265 0.299203 
1.901453 1.875916 1.834649 1.812743 1.72791 1.374599 1.208375 1.159503 1.098354 1.04186 1.007783 0.969268 0.923613 0.866946 0.811047 0.754357 0.708419 0.682606 0.675975 0.674541 0.553322 0.412042 0.412847 0.42483 0.421517 0.407481 
1.978368 1.990424 2.001138 2.011199 1.91023 1.435913 1.2849 1.248438 1.192968 1.121557 1.070542 1.019394 0.968453 0.903491 0.847155 0.791406 0.736688 0.71233 0.712593 0.722862 0.679867 0.521474 0.491834 0.493483 0.498713 0.503011 
2.101239 2.11364 2.120442 2.106425 1.995543 1.51328 1.365257 1.338139 1.296593 1.231517 1.158538 1.079894 1.002371 0.920959 0.874215 0.836877 0.779721 0.743906 0.745501 0.756548 0.735296 0.626759 0.606651 0.621451 0.623277 0.605798 
2.226046 2.215493 2.198951 2.169622 2.054511 1.586934 1.454841 1.432714 1.373939 1.297307 1.227924 1.147075 1.032393 0.919397 0.883274 0.866415 0.838345 0.799475 0.786748 0.787974 0.769287 0.70195 0.707901 0.736864 0.745323 0.72781 
2.325238 2.303753 2.281042 2.258785 2.166168 1.738772 1.572061 1.551564 1.500346 1.413993 1.35748 1.302886 1.116577 0.931421 0.897507 0.890549 0.892181 0.891432 0.866646 0.842661 0.819321 0.784603 0.803838 0.825625 0.828623 0.819078 
2.42515 2.386745 2.353406 2.339231 2.29641 2.06592 1.748046 1.666961 1.64195 1.585421 1.522413 1.479995 1.296724 0.981303 0.924273 0.919311 0.926523 0.94408 0.960697 0.962365 0.949748 0.90773 0.907652 0.913132 0.911897 0.906816 
2.503431 2.451955 2.393439 2.359157 2.313697 2.204591 1.970882 1.806403 1.746372 1.6878 1.604374 1.545028 1.425896 1.052101 0.959458 0.955729 0.965483 0.990433 1.018428 1.034512 1.044638 1.026841 1.002822 0.990388 0.984966 0.981797 
2.548298 2.492198 2.419 2.365686 2.300374 2.207182 2.065294 1.919089 1.829899 1.76669 1.688782 1.615745 1.51283 1.115118 1.005531 1.003308 1.017788 1.044341 1.063026 1.077832 1.095757 1.091526 1.072108 1.060237 1.056414 1.057035 
2.567986 2.506292 2.427835 2.365998 2.284161 2.193382 2.100605 1.990695 1.882815 1.818837 1.76587 1.708678 1.607696 1.164961 1.03594 1.035163 1.058081 1.088223 1.102285 1.112601 1.127253 1.135626 1.132406 1.135122 1.150792 1.167567 
2.57233 2.513655 2.431111 2.359065 2.272032 2.190129 2.121032 2.041535 1.916457 1.834199 1.786153 1.742346 1.671778 1.236828 1.04598 1.04518 1.081278 1.115561 1.124105 1.129616 1.144956 1.16484 1.177064 1.19361 1.224934 1.248035 
