0.00306 0.097137 0.191214 0.285291 0.379368 0.473445 0.567522 0.661599 0.755675 0.849752 0.943829 1.037906 1.131983 1.22606 1.320137 1.414214 
-0.071533 0.022544 0.116621 0.210698 0.304775 0.398851 0.492928 0.587005 0.681082 0.775159 0.869236 0.963313 1.05739 1.151466 1.245543 1.33962 
-0.146126 -0.05205 0.042027 0.136104 0.230181 0.324258 0.418335 0.512412 0.606489 0.700566 0.794642 0.888719 0.982796 1.076873 1.17095 1.265027 
-0.22072 -0.126643 -0.032566 0.061511 0.155588 0.249665 0.343742 0.437818 0.531895 0.625972 0.720049 0.814126 0.908203 1.00228 1.096357 1.190433 
-0.295313 -0.201236 -0.107159 -0.013082 0.080994 0.175071 0.269148 0.363225 0.457302 0.551379 0.645456 0.739533 0.833609 0.927686 1.021763 1.11584 
-0.369906 -0.27583 -0.181753 -0.087676 0.006401 0.100478 0.194555 0.288632 0.382709 0.476785 0.570862 0.664939 0.759016 0.853093 0.94717 1.041247 
-0.4445 -0.350423 -0.256346 -0.162269 -0.068192 0.025885 0.119961 0.214038 0.308115 0.402192 0.496269 0.590346 0.684423 0.7785 0.872577 0.966653 
-0.519093 -0.425016 -0.330939 -0.236863 -0.142786 -0.048709 0.045368 0.139445 0.233522 0.327599 0.421676 0.515752 0.609829 0.703906 0.797983 0.89206 
-0.593687 -0.49961 -0.405533 -0.311456 -0.217379 -0.123302 -0.029225 0.064852 0.158928 0.253005 0.347082 0.441159 0.535236 0.629313 0.72339 0.817467 
-0.66828 -0.574203 -0.480126 -0.386049 -0.291972 -0.197896 -0.103819 -0.009742 0.084335 0.178412 0.272489 0.366566 0.460643 0.55472 0.648796 0.742873 
-0.742873 -0.648796 -0.55472 -0.460643 -0.366566 -0.272489 -0.178412 -0.084335 0.009742 0.103819 0.197896 0.291972 0.386049 0.480126 0.574203 0.66828 
-0.817467 -0.72339 -0.629313 -0.535236 -0.441159 -0.347082 -0.253005 -0.158928 -0.064852 0.029225 0.123302 0.217379 0.311456 0.405533 0.49961 0.593687 
-0.89206 -0.797983 -0.703906 -0.609829 -0.515752 -0.421676 -0.327599 -0.233522 -0.139445 -0.045368 0.048709 0.142786 0.236863 0.330939 0.425016 0.519093 
-0.966653 -0.872577 -0.7785 -0.684423 -0.590346 -0.496269 -0.402192 -0.308115 -0.214038 -0.119961 -0.025885 0.068192 0.162269 0.256346 0.350423 0.4445 
-1.041247 -0.94717 -0.853093 -0.759016 -0.664939 -0.570862 -0.476785 -0.382709 -0.288632 -0.194555 -0.100478 -0.006401 0.087676 0.181753 0.27583 0.369906 
-1.11584 -1.021763 -0.927686 -0.833609 -0.739533 -0.645456 -0.551379 -0.457302 -0.363225 -0.269148 -0.175071 -0.080994 0.013082 0.107159 0.201236 0.295313 
-1.190433 -1.096357 -1.00228 -0.908203 -0.814126 -0.720049 -0.625972 -0.531895 -0.437818 -0.343742 -0.249665 -0.155588 -0.061511 0.032566 0.126643 0.22072 
-1.265027 -1.17095 -1.076873 -0.982796 -0.888719 -0.794642 -0.700566 -0.606489 -0.512412 -0.418335 -0.324258 -0.230181 -0.136104 -0.042027 0.05205 0.146126 
-1.33962 -1.245543 -1.151466 -1.05739 -0.963313 -0.869236 -0.775159 -0.681082 -0.587005 -0.492928 -0.398851 -0.304775 -0.210698 -0.116621 -0.022544 0.071533 
-1.414214 -1.320137 -1.22606 -1.131983 -1.037906 -0.943829 -0.849752 -0.755675 -0.661599 -0.567522 -0.473445 -0.379368 -0.285291 -0.191214 -0.097137 -0.00306 
