-1.414214 -1.359112 -1.30401 -1.248908 -1.193807 -1.138705 -1.083603 -1.028502 -0.9734 -0.918298 -0.863197 -0.808095 -0.752993 -0.697892 -0.64279 -0.587688 -0.532586 -0.477485 -0.422383 
-1.31218 -1.257079 -1.201977 -1.146875 -1.091774 -1.036672 -0.98157 -0.926469 -0.871367 -0.816265 -0.761163 -0.706062 -0.65096 -0.595858 -0.540757 -0.485655 -0.430553 -0.375452 -0.32035 
-1.210147 -1.155046 -1.099944 -1.044842 -0.98974 -0.934639 -0.879537 -0.824435 -0.769334 -0.714232 -0.65913 -0.604029 -0.548927 -0.493825 -0.438724 -0.383622 -0.32852 -0.273418 -0.218317 
-1.108114 -1.053012 -0.997911 -0.942809 -0.887707 -0.832606 -0.777504 -0.722402 -0.667301 -0.612199 -0.557097 -0.501995 -0.446894 -0.391792 -0.33669 -0.281589 -0.226487 -0.171385 -0.116284 
-1.006081 -0.950979 -0.895878 -0.840776 -0.785674 -0.730573 -0.675471 -0.620369 -0.565267 -0.510166 -0.455064 -0.399962 -0.344861 -0.289759 -0.234657 -0.179556 -0.124454 -0.069352 -0.01425 
-0.904048 -0.848946 -0.793844 -0.738743 -0.683641 -0.628539 -0.573438 -0.518336 -0.463234 -0.408133 -0.353031 -0.297929 -0.242828 -0.187726 -0.132624 -0.077522 -0.022421 0.032681 0.087783 
-0.802015 -0.746913 -0.691811 -0.63671 -0.581608 -0.526506 -0.471405 -0.416303 -0.361201 -0.306099 -0.250998 -0.195896 -0.140794 -0.085693 -0.030591 0.024511 0.079612 0.134714 0.189816 
-0.699982 -0.64488 -0.589778 -0.534676 -0.479575 -0.424473 -0.369371 -0.31427 -0.259168 -0.204066 -0.148965 -0.093863 -0.038761 0.01634 0.071442 0.126544 0.181646 0.236747 0.291849 
-0.597948 -0.542847 -0.487745 -0.432643 -0.377542 -0.32244 -0.267338 -0.212237 -0.157135 -0.102033 -0.046931 0.00817 0.063272 0.118374 0.173475 0.228577 0.283679 0.33878 0.393882 
-0.495915 -0.440814 -0.385712 -0.33061 -0.275508 -0.220407 -0.165305 -0.110203 -0.055102 -0.0 0.055102 0.110203 0.165305 0.220407 0.275508 0.33061 0.385712 0.440814 0.495915 
-0.393882 -0.33878 -0.283679 -0.228577 -0.173475 -0.118374 -0.063272 -0.00817 0.046931 0.102033 0.157135 0.212237 0.267338 0.32244 0.377542 0.432643 0.487745 0.542847 0.597948 
-0.291849 -0.236747 -0.181646 -0.126544 -0.071442 -0.01634 0.038761 0.093863 0.148965 0.204066 0.259168 0.31427 0.369371 0.424473 0.479575 0.534676 0.589778 0.64488 0.699982 
-0.189816 -0.134714 -0.079612 -0.024511 0.030591 0.085693 0.140794 0.195896 0.250998 0.306099 0.361201 0.416303 0.471405 0.526506 0.581608 0.63671 0.691811 0.746913 0.802015 
-0.087783 -0.032681 0.022421 0.077522 0.132624 0.187726 0.242828 0.297929 0.353031 0.408133 0.463234 0.518336 0.573438 0.628539 0.683641 0.738743 0.793844 0.848946 0.904048 
0.01425 0.069352 0.124454 0.179556 0.234657 0.289759 0.344861 0.399962 0.455064 0.510166 0.565267 0.620369 0.675471 0.730573 0.785674 0.840776 0.895878 0.950979 1.006081 
0.116284 0.171385 0.226487 0.281589 0.33669 0.391792 0.446894 0.501995 0.557097 0.612199 0.667301 0.722402 0.777504 0.832606 0.887707 0.942809 0.997911 1.053012 1.108114 
0.218317 0.273418 0.32852 0.383622 0.438724 0.493825 0.548927 0.604029 0.65913 0.714232 0.769334 0.824435 0.879537 0.934639 0.98974 1.044842 1.099944 1.155046 1.210147 
0.32035 0.375452 0.430553 0.485655 0.540757 0.595858 0.65096 0.706062 0.761163 0.816265 0.871367 0.926469 0.98157 1.036672 1.091774 1.146875 1.201977 1.257079 1.31218 
0.422383 0.477485 0.532586 0.587688 0.64279 0.697892 0.752993 0.808095 0.863197 0.918298 0.9734 1.028502 1.083603 1.138705 1.193807 1.248908 1.30401 1.359112 1.414214 
