-1.708734 -1.712801 -1.692907 -1.636245 -1.556267 -1.479828 -1.417398 -1.391193 -1.394767 -1.410258 -1.451519 -1.522073 -1.621836 -1.697372 -1.690156 -1.618334 -1.504972 -1.37218 -1.205935 -1.021593 -0.901527 
-1.629267 -1.644491 -1.648193 -1.586218 -1.491982 -1.409356 -1.343535 -1.316712 -1.318866 -1.32273 -1.344745 -1.396926 -1.49052 -1.587188 -1.592648 -1.523848 -1.411791 -1.275172 -1.098543 -0.912052 -0.812789 
-1.521348 -1.514124 -1.520219 -1.470926 -1.377584 -1.299792 -1.233063 -1.197007 -1.195482 -1.202475 -1.208314 -1.210527 -1.196249 -1.149112 -1.080251 -1.011825 -0.953078 -0.890791 -0.818411 -0.746809 -0.710853 
-1.388086 -1.356395 -1.320354 -1.303461 -1.259993 -1.188983 -1.121374 -1.0844 -1.072395 -1.074307 -1.080387 -1.062178 -0.993668 -0.896341 -0.815813 -0.738866 -0.662186 -0.620908 -0.608075 -0.60961 -0.612179 
-1.200957 -1.162604 -1.097873 -1.078968 -1.111969 -1.051855 -0.997308 -0.969932 -0.941955 -0.92072 -0.920964 -0.902891 -0.845534 -0.775205 -0.715181 -0.650393 -0.580372 -0.539716 -0.520089 -0.509828 -0.506 
-1.021614 -0.983051 -0.90493 -0.821764 -0.823352 -0.864065 -0.864625 -0.848776 -0.82139 -0.807556 -0.807428 -0.795201 -0.745396 -0.666289 -0.597046 -0.53527 -0.472598 -0.433251 -0.406237 -0.375627 -0.355837 
-0.871806 -0.835181 -0.76474 -0.688229 -0.643507 -0.674091 -0.714111 -0.729564 -0.730304 -0.737112 -0.75161 -0.747042 -0.669702 -0.555528 -0.478216 -0.405782 -0.318188 -0.260254 -0.222787 -0.192552 -0.177833 
-0.719431 -0.692656 -0.655111 -0.609364 -0.575127 -0.57514 -0.58873 -0.600294 -0.622537 -0.652412 -0.678294 -0.637291 -0.48424 -0.402338 -0.36149 -0.29342 -0.185768 -0.095927 -0.037744 -0.004407 0.013976 
-0.583555 -0.576395 -0.563619 -0.534293 -0.508852 -0.495327 -0.473881 -0.467103 -0.507955 -0.554145 -0.543959 -0.327372 -0.217955 -0.243519 -0.246574 -0.181239 -0.082152 0.003044 0.081072 0.157259 0.215427 
-0.452048 -0.455076 -0.453195 -0.435731 -0.410286 -0.372696 -0.339297 -0.346984 -0.400406 -0.450784 -0.338508 -0.091451 -0.075684 -0.10499 -0.106824 -0.0582 -0.003452 0.068627 0.189681 0.314787 0.390225 
-0.328991 -0.325035 -0.315279 -0.302794 -0.278445 -0.248911 -0.235503 -0.232846 -0.24642 -0.244415 -0.055124 0.039204 0.02644 0.023695 0.045466 0.056943 0.064017 0.144878 0.366616 0.525726 0.598358 
-0.213882 -0.198882 -0.173889 -0.154097 -0.137645 -0.134959 -0.135761 -0.115839 -0.080888 0.011439 0.134329 0.143615 0.132599 0.149761 0.192204 0.215656 0.23973 0.365207 0.631674 0.761568 0.82261 
-0.089523 -0.066339 -0.048577 -0.039686 -0.028712 -0.021719 -0.021716 -0.005129 0.041523 0.132858 0.198768 0.209983 0.218573 0.260445 0.328266 0.392883 0.49118 0.641324 0.828487 0.9414 0.984762 
0.028229 0.040533 0.036241 0.024825 0.032613 0.058314 0.079667 0.097901 0.139597 0.194111 0.235493 0.263652 0.301489 0.376407 0.45594 0.528024 0.62936 0.745839 0.908101 1.053083 1.093925 
0.135576 0.131556 0.112043 0.083705 0.098203 0.148409 0.177535 0.189232 0.21102 0.246731 0.299847 0.361051 0.43384 0.521354 0.589658 0.657113 0.736674 0.830157 0.964997 1.09238 1.145953 
0.253493 0.232196 0.209117 0.191297 0.232647 0.271751 0.2754 0.267526 0.277104 0.326872 0.407747 0.484336 0.566917 0.643919 0.717236 0.790884 0.843787 0.909821 1.008083 1.099022 1.154724 
0.408008 0.37392 0.339517 0.339982 0.388028 0.390533 0.382758 0.375157 0.386222 0.445187 0.508316 0.565832 0.644305 0.728083 0.828102 0.916234 0.979891 1.065909 1.157741 1.228856 1.289733 
0.59439 0.557859 0.516782 0.533677 0.550038 0.519875 0.503066 0.498271 0.513206 0.554336 0.591512 0.632631 0.706965 0.81117 0.928411 1.034366 1.168287 1.372084 1.597127 1.820667 1.98471 
0.760767 0.735181 0.738939 0.782544 0.717802 0.647643 0.612109 0.59597 0.603813 0.637286 0.674175 0.714418 0.790008 0.909666 1.016069 1.13783 1.329823 1.558166 1.807104 2.075488 2.229576 
0.921806 0.926885 0.964602 0.957834 0.863163 0.765872 0.708321 0.690662 0.695183 0.713676 0.752584 0.820163 0.935166 1.05318 1.133996 1.269769 1.482278 1.687293 1.937415 2.211024 2.338576 
1.059873 1.07045 1.07653 1.029098 0.946148 0.859586 0.796453 0.78288 0.78833 0.794199 0.836122 0.924193 1.034648 1.143989 1.262573 1.433429 1.642175 1.852372 2.096776 2.320661 2.422149 
1.136779 1.134752 1.117785 1.058824 0.981039 0.908996 0.856966 0.847947 0.854613 0.863685 0.905952 0.98156 1.070448 1.179156 1.315658 1.49149 1.703727 1.931865 2.148006 2.339466 2.448125 
