1.01084 0.913733 0.768293 0.603764 0.425673 0.243711 0.051321 -0.114326 -0.257419 -0.383505 -0.499063 -0.581379 -0.667594 -0.788608 -0.937151 -1.127173 -1.327355 -1.475517 -1.585146 -1.681081 -1.741429 
1.085377 0.993878 0.791681 0.549192 0.361711 0.208254 0.046462 -0.10851 -0.259422 -0.393731 -0.502325 -0.57586 -0.650187 -0.772131 -0.925089 -1.115688 -1.323506 -1.469639 -1.581713 -1.680372 -1.732093 
1.157953 1.104117 0.891669 0.467932 0.261177 0.14833 0.034686 -0.087485 -0.239884 -0.389325 -0.499095 -0.572756 -0.642987 -0.753263 -0.878696 -1.017243 -1.200719 -1.352858 -1.493312 -1.627692 -1.687448 
1.16762 1.129307 0.990542 0.454834 0.186325 0.100803 0.023713 -0.066505 -0.20609 -0.362464 -0.483868 -0.574005 -0.659652 -0.758898 -0.85697 -0.9646 -1.103208 -1.235739 -1.3716 -1.528003 -1.612783 
1.110567 1.068072 0.972959 0.61337 0.190986 0.07356 0.01869 -0.053373 -0.192168 -0.331276 -0.448372 -0.558987 -0.656299 -0.746425 -0.833855 -0.948336 -1.082202 -1.195793 -1.310967 -1.44617 -1.534739 
1.028011 0.976207 0.880452 0.699757 0.338829 0.111526 0.039628 -0.035007 -0.180009 -0.299666 -0.407166 -0.528469 -0.63919 -0.732776 -0.803544 -0.905965 -1.053128 -1.166881 -1.271052 -1.385482 -1.462017 
0.952797 0.882725 0.773663 0.637106 0.434433 0.233889 0.115448 0.010444 -0.140276 -0.247377 -0.353261 -0.492447 -0.634153 -0.738776 -0.792131 -0.867846 -1.009511 -1.138965 -1.245984 -1.34807 -1.414146 
0.880654 0.799258 0.695117 0.581765 0.44267 0.304074 0.192104 0.072966 -0.068217 -0.157798 -0.259218 -0.456849 -0.65119 -0.742775 -0.786865 -0.859543 -0.992411 -1.126337 -1.237756 -1.338965 -1.411449 
0.836324 0.761172 0.662333 0.559571 0.451589 0.331545 0.221342 0.117618 0.012542 -0.060805 -0.160622 -0.460839 -0.632436 -0.706152 -0.769911 -0.858594 -0.98562 -1.123574 -1.25382 -1.371244 -1.454672 
0.834178 0.768421 0.666802 0.564081 0.468305 0.34448 0.237012 0.16293 0.085118 0.004341 -0.175266 -0.470751 -0.567156 -0.634616 -0.72604 -0.830323 -0.944688 -1.107902 -1.302735 -1.449461 -1.526554 
0.861081 0.801376 0.700577 0.595728 0.494757 0.360329 0.258164 0.206267 0.158959 0.055926 -0.23558 -0.417107 -0.486621 -0.556296 -0.653524 -0.753991 -0.860311 -1.079866 -1.407646 -1.566553 -1.623356 
0.915257 0.856498 0.758252 0.658525 0.557306 0.41552 0.287443 0.231608 0.195007 0.074406 -0.172652 -0.308433 -0.388799 -0.479551 -0.578618 -0.65059 -0.726638 -0.984791 -1.497869 -1.658598 -1.696299 
1.002356 0.943142 0.840712 0.73081 0.626817 0.498348 0.339654 0.248315 0.188248 0.063524 -0.095318 -0.209945 -0.300107 -0.408124 -0.520676 -0.582896 -0.63877 -0.795476 -1.317402 -1.630856 -1.681614 
1.103756 1.040838 0.931523 0.789212 0.658709 0.542546 0.401445 0.272159 0.183212 0.08041 -0.034601 -0.136943 -0.229259 -0.338903 -0.462511 -0.548147 -0.627893 -0.748359 -1.073703 -1.462449 -1.577155 
1.227616 1.168341 1.063563 0.8756 0.674564 0.557851 0.450147 0.311143 0.207736 0.124894 0.028657 -0.060153 -0.146894 -0.249798 -0.370085 -0.483265 -0.598605 -0.747529 -0.991516 -1.278285 -1.429168 
1.413461 1.350614 1.263198 1.047421 0.709861 0.59499 0.512441 0.377547 0.26101 0.18379 0.099348 0.016854 -0.062822 -0.145958 -0.242043 -0.353123 -0.492479 -0.689526 -0.934682 -1.15892 -1.301889 
1.668463 1.60165 1.509654 1.247541 0.796783 0.684509 0.619258 0.506997 0.370573 0.268663 0.181971 0.085025 -0.002921 -0.06037 -0.112389 -0.172844 -0.251238 -0.386458 -0.609019 -0.830317 -0.953286 
1.948334 1.887512 1.775008 1.404996 0.959755 0.835809 0.761928 0.661702 0.518168 0.382211 0.292413 0.193978 0.071857 0.012093 -0.004857 -0.006233 0.034157 0.124075 0.207536 0.291359 0.386681 
2.168189 2.109076 1.978139 1.56506 1.190281 1.016202 0.903729 0.782582 0.628628 0.488503 0.412534 0.360411 0.253665 0.13753 0.098435 0.118416 0.208561 0.339021 0.496181 0.680287 0.793112 
2.331955 2.264608 2.084866 1.739163 1.433548 1.201518 1.030698 0.8908 0.735813 0.585508 0.511774 0.512804 0.537403 0.488276 0.383248 0.347049 0.398561 0.495744 0.660635 0.844119 0.92344 
2.428858 2.343351 2.145849 1.850617 1.585068 1.351922 1.135493 0.975785 0.842921 0.700574 0.611235 0.628816 0.684544 0.724697 0.746492 0.767263 0.776253 0.829089 0.947921 1.034043 1.055254 
2.464757 2.372017 2.189469 1.921581 1.659409 1.423898 1.189048 1.024929 0.906722 0.796984 0.704962 0.705807 0.74777 0.793127 0.845289 0.908498 0.969929 1.032501 1.093487 1.128454 1.137102 
