-1.414214 -1.314783 -1.215352 -1.115921 -1.01649 -0.917059 -0.817628 -0.718197 -0.618766 -0.519335 -0.419904 -0.320473 -0.221042 -0.121611 
-1.32889 -1.229459 -1.130028 -1.030597 -0.931166 -0.831735 -0.732304 -0.632873 -0.533442 -0.434011 -0.33458 -0.235149 -0.135719 -0.036288 
-1.243566 -1.144135 -1.044704 -0.945274 -0.845843 -0.746412 -0.646981 -0.54755 -0.448119 -0.348688 -0.249257 -0.149826 -0.050395 0.049036 
-1.158243 -1.058812 -0.959381 -0.85995 -0.760519 -0.661088 -0.561657 -0.462226 -0.362795 -0.263364 -0.163933 -0.064502 0.034929 0.13436 
-1.072919 -0.973488 -0.874057 -0.774626 -0.675195 -0.575764 -0.476333 -0.376903 -0.277472 -0.178041 -0.07861 0.020821 0.120252 0.219683 
-0.987596 -0.888165 -0.788734 -0.689303 -0.589872 -0.490441 -0.39101 -0.291579 -0.192148 -0.092717 0.006714 0.106145 0.205576 0.305007 
-0.902272 -0.802841 -0.70341 -0.603979 -0.504548 -0.405117 -0.305686 -0.206255 -0.106824 -0.007393 0.092038 0.191469 0.290899 0.39033 
-0.816948 -0.717517 -0.618086 -0.518656 -0.419225 -0.319794 -0.220363 -0.120932 -0.021501 0.07793 0.177361 0.276792 0.376223 0.475654 
-0.731625 -0.632194 -0.532763 -0.433332 -0.333901 -0.23447 -0.135039 -0.035608 0.063823 0.163254 0.262685 0.362116 0.461547 0.560978 
-0.646301 -0.54687 -0.447439 -0.348008 -0.248577 -0.149146 -0.049715 0.049715 0.149146 0.248577 0.348008 0.447439 0.54687 0.646301 
-0.560978 -0.461547 -0.362116 -0.262685 -0.163254 -0.063823 0.035608 0.135039 0.23447 0.333901 0.433332 0.532763 0.632194 0.731625 
-0.475654 -0.376223 -0.276792 -0.177361 -0.07793 0.021501 0.120932 0.220363 0.319794 0.419225 0.518656 0.618086 0.717517 0.816948 
-0.39033 -0.290899 -0.191469 -0.092038 0.007393 0.106824 0.206255 0.305686 0.405117 0.504548 0.603979 0.70341 0.802841 0.902272 
-0.305007 -0.205576 -0.106145 -0.006714 0.092717 0.192148 0.291579 0.39101 0.490441 0.589872 0.689303 0.788734 0.888165 0.987596 
-0.219683 -0.120252 -0.020821 0.07861 0.178041 0.277472 0.376903 0.476333 0.575764 0.675195 0.774626 0.874057 0.973488 1.072919 
-0.13436 -0.034929 0.064502 0.163933 0.263364 0.362795 0.462226 0.561657 0.661088 0.760519 0.85995 0.959381 1.058812 1.158243 
-0.049036 0.050395 0.149826 0.249257 0.348688 0.448119 0.54755 0.646981 0.746412 0.845843 0.945274 1.044704 1.144135 1.243566 
0.036288 0.135719 0.235149 0.33458 0.434011 0.533442 0.632873 0.732304 0.831735 0.931166 1.030597 1.130028 1.229459 1.32889 
0.121611 0.221042 0.320473 0.419904 0.519335 0.618766 0.718197 0.817628 0.917059 1.01649 1.115921 1.215352 1.314783 1.414214 
