map size - [38, 32]
quantization error - 0.0249627099739
topographic error - 0.035
topographic error and quantization error average - 0.0299813549869
density - 0.822368421053
HIT map - 
1 0 1 1 0 0 1 1 1 2 2 1 0 1 2 2 1 2 2 2 2 2 3 1 1 2 1 1 4 1 2 4 
0 0 0 1 0 1 2 2 1 0 0 0 1 0 1 1 0 1 0 1 0 1 0 0 0 1 1 0 0 1 2 1 
1 1 0 1 3 2 0 0 1 1 1 1 1 1 1 0 2 0 2 1 0 3 0 2 1 1 0 2 3 0 0 2 
1 0 3 0 0 0 1 1 1 1 0 2 0 2 0 2 1 2 1 0 2 0 1 0 1 1 2 1 0 0 2 3 
1 0 1 2 0 1 0 1 0 0 0 0 2 0 1 0 0 1 2 1 0 3 0 2 0 0 0 1 0 0 1 1 
1 0 0 2 0 0 2 0 1 2 1 0 0 1 2 2 1 1 0 2 0 1 1 0 1 2 0 2 2 3 0 0 
0 2 1 1 0 1 0 0 1 0 0 1 1 0 0 0 0 0 0 0 0 0 0 0 0 0 0 0 0 0 1 0 
0 1 0 2 0 1 1 0 1 1 0 0 0 0 0 0 0 1 0 0 0 0 1 0 0 0 0 0 0 0 0 0 
2 0 1 2 1 1 0 2 0 0 0 0 0 1 1 1 1 1 0 1 0 1 0 1 2 0 0 0 2 0 1 0 
1 1 2 0 1 0 1 0 0 0 0 0 2 0 3 1 1 2 0 2 0 2 1 0 0 0 2 1 0 0 0 3 
3 0 2 1 1 0 2 1 0 0 1 1 1 0 1 0 0 0 2 0 1 0 0 1 2 2 0 0 2 0 0 0 
2 2 1 0 1 2 0 0 0 0 0 1 0 0 1 0 2 2 0 0 1 2 1 0 0 0 1 1 0 0 1 0 
2 1 1 1 2 1 2 0 0 1 1 0 1 1 1 1 1 1 1 0 2 2 1 2 2 0 0 1 0 1 0 0 
2 1 0 2 0 2 1 0 0 1 1 1 2 0 2 0 1 0 2 1 1 1 2 0 1 1 0 0 0 1 0 1 
1 0 0 1 1 1 0 0 0 2 1 2 0 0 3 1 0 2 0 1 0 3 0 0 2 1 1 2 0 0 0 0 
2 1 2 1 2 2 0 0 1 0 0 2 1 0 1 1 2 0 1 1 1 2 0 1 1 0 1 0 1 2 0 1 
2 1 1 0 1 1 0 0 2 0 2 0 0 0 1 1 0 0 2 1 1 1 0 0 2 0 0 0 0 0 1 0 
2 0 0 1 1 1 0 0 1 2 0 1 2 5 0 1 1 2 2 0 1 0 0 0 2 1 1 0 1 0 0 2 
2 1 4 1 0 3 0 0 0 3 0 1 1 0 1 3 0 0 1 0 1 1 2 0 0 0 1 0 2 0 1 1 
1 0 2 0 3 1 0 0 2 0 1 1 0 2 0 1 0 0 0 0 0 0 0 0 1 0 0 1 0 2 0 1 
1 1 2 0 1 0 0 2 0 0 1 2 1 2 0 2 0 0 0 0 0 0 0 0 3 1 1 0 1 1 0 2 
2 1 0 2 1 0 0 1 1 2 1 2 1 1 0 1 1 0 0 0 1 1 0 0 0 0 1 0 1 1 1 1 
1 2 0 1 1 0 0 2 1 0 2 1 3 3 4 0 1 1 1 1 0 0 0 0 0 0 1 2 1 0 0 2 
1 2 1 0 2 0 0 1 1 1 0 0 1 0 1 0 1 0 0 1 1 1 1 1 0 0 0 0 0 2 1 1 
1 2 2 2 1 0 0 1 1 0 3 0 1 0 3 1 1 1 0 1 0 2 0 0 1 0 0 0 3 2 0 3 
0 0 2 0 1 0 0 2 1 0 2 0 1 0 0 3 1 1 1 2 1 0 2 1 3 0 0 0 0 0 0 2 
3 0 1 1 1 0 0 0 1 2 0 2 0 2 1 0 0 1 1 2 0 1 1 2 0 2 1 0 0 0 0 0 
0 1 1 1 1 1 0 0 1 0 0 3 0 2 0 1 2 2 0 1 0 1 0 1 1 1 1 2 1 2 0 0 
3 0 2 1 2 1 1 0 0 2 0 1 0 0 4 1 0 1 2 1 2 1 1 0 1 1 1 0 2 1 1 0 
1 1 2 0 1 1 1 0 0 1 0 0 2 0 1 0 1 1 1 1 0 1 1 1 0 1 3 0 1 1 1 1 
2 1 2 0 2 0 1 0 0 0 1 1 1 0 1 1 1 0 0 0 2 2 1 1 0 1 1 1 1 1 2 1 
0 0 1 1 0 1 1 0 0 0 0 0 0 0 2 1 1 3 2 1 1 2 1 1 1 1 2 2 1 3 0 6 
2 1 1 1 3 2 1 1 0 1 0 0 0 0 0 0 0 0 0 1 1 2 0 2 2 1 1 0 2 0 0 3 
1 0 0 0 1 0 0 1 1 1 0 1 2 1 0 0 0 0 0 0 0 0 1 0 0 0 1 0 2 2 2 1 
0 2 0 0 0 1 1 1 2 1 0 2 0 1 2 0 1 3 1 1 0 0 0 0 0 0 0 0 0 0 2 3 
1 0 0 0 1 1 1 1 0 1 0 1 1 0 1 2 0 0 0 2 1 1 1 0 4 2 1 3 1 0 0 0 
0 0 0 0 2 0 0 0 1 1 0 0 2 2 0 2 0 3 3 0 1 1 1 0 0 0 1 1 1 1 0 2 
0 1 1 0 0 0 3 1 1 2 1 1 3 1 1 1 1 0 3 0 1 1 1 2 2 2 2 0 5 1 2 2 

