1.98504 2.006833 2.03161 2.042357 2.050402 2.049675 2.018884 1.949308 1.861793 1.800494 1.746501 1.664163 1.576896 1.492547 1.390519 1.323066 1.273267 1.203845 1.154013 1.115947 1.055424 1.009903 0.826682 0.694812 0.685629 0.680178 0.674539 0.670442 0.664427 0.644264 0.625992 0.631075 0.641806 0.640384 0.635538 0.6139 0.549562 0.464229 0.415002 0.1989 -0.326509 -0.44778 -0.490686 -0.563079 -0.617056 
1.95188 1.967015 1.98921 1.994143 2.002239 2.011712 1.982169 1.918201 1.837804 1.7754 1.721982 1.651363 1.569886 1.465077 1.353436 1.299224 1.247186 1.172821 1.130238 1.086026 1.010025 0.954275 0.858026 0.706793 0.673181 0.661029 0.650472 0.643222 0.637615 0.616166 0.597391 0.591149 0.597268 0.604899 0.605218 0.579152 0.512711 0.451626 0.380808 0.015252 -0.357227 -0.443394 -0.494805 -0.560229 -0.608749 
1.86022 1.840777 1.840689 1.862092 1.877817 1.909084 1.89309 1.840362 1.775683 1.715457 1.666917 1.621586 1.534089 1.38241 1.295735 1.258426 1.20528 1.138382 1.094467 1.039843 0.967733 0.911217 0.837757 0.718755 0.646589 0.622844 0.606111 0.598172 0.593581 0.576497 0.559844 0.549302 0.548106 0.548773 0.544755 0.523975 0.471354 0.42881 0.317374 -0.169176 -0.367882 -0.417796 -0.486213 -0.562095 -0.605257 
1.748226 1.731135 1.717095 1.710253 1.700962 1.764641 1.805672 1.765035 1.711021 1.650078 1.595933 1.544775 1.421874 1.30875 1.266825 1.230502 1.179044 1.120906 1.064412 1.00223 0.935183 0.867761 0.78764 0.70647 0.641716 0.60765 0.590989 0.581479 0.56783 0.546803 0.528492 0.518551 0.51475 0.511121 0.506711 0.488418 0.446368 0.412476 0.274658 -0.222704 -0.366694 -0.401882 -0.470717 -0.550468 -0.591457 
1.691434 1.680192 1.659346 1.635796 1.616671 1.636593 1.701437 1.6843 1.645273 1.5969 1.536063 1.456603 1.347186 1.286866 1.248772 1.19584 1.138489 1.087548 1.023047 0.942166 0.87856 0.818509 0.748902 0.692654 0.636375 0.596441 0.580191 0.566032 0.546253 0.526925 0.511663 0.502775 0.496672 0.490284 0.481538 0.46053 0.430568 0.390526 0.153952 -0.278436 -0.371647 -0.410672 -0.479384 -0.546028 -0.582582 
1.638266 1.629603 1.615194 1.598212 1.580532 1.570297 1.576468 1.59846 1.591294 1.552735 1.478179 1.394593 1.319137 1.267817 1.21964 1.15565 1.090427 1.033578 0.960713 0.880856 0.83576 0.792392 0.73178 0.675813 0.619425 0.580263 0.560684 0.541976 0.519625 0.501854 0.493365 0.489022 0.482094 0.473049 0.458538 0.435807 0.408094 0.286954 -0.138429 -0.342346 -0.389869 -0.432528 -0.49571 -0.561629 -0.596136 
1.586024 1.583202 1.575098 1.55687 1.532968 1.507934 1.476708 1.504919 1.544928 1.507263 1.417176 1.340318 1.282136 1.224037 1.174858 1.11533 1.04098 0.97969 0.913283 0.848159 0.802863 0.76483 0.702975 0.645579 0.600813 0.565674 0.543563 0.522225 0.493921 0.478534 0.470043 0.458382 0.452178 0.444973 0.427997 0.402737 0.30448 -0.043422 -0.315636 -0.3676 -0.405204 -0.445958 -0.500805 -0.574364 -0.608177 
1.545695 1.540513 1.525664 1.487114 1.452629 1.430934 1.39917 1.37579 1.406284 1.412474 1.346925 1.294756 1.246118 1.175273 1.117407 1.045652 0.964471 0.909241 0.854547 0.801077 0.75418 0.70892 0.651516 0.61568 0.586012 0.546543 0.524814 0.503957 0.476539 0.461704 0.439964 0.4148 0.412333 0.407378 0.382259 0.271142 -0.096469 -0.315282 -0.361199 -0.379261 -0.417046 -0.461637 -0.504954 -0.571386 -0.609678 
1.524485 1.510977 1.480837 1.424595 1.391488 1.374149 1.335511 1.279304 1.224385 1.179905 1.209221 1.232919 1.204642 1.119608 1.052611 0.979931 0.905723 0.845127 0.79604 0.760624 0.717956 0.670909 0.627967 0.594717 0.558471 0.518392 0.504058 0.486336 0.459595 0.436183 0.404042 0.388456 0.390237 0.376143 0.263789 -0.065287 -0.316585 -0.365847 -0.383445 -0.402943 -0.439434 -0.486742 -0.518378 -0.568828 -0.615051 
1.507249 1.478936 1.432518 1.381641 1.356269 1.334875 1.278704 1.215424 1.151503 1.069296 1.007636 0.983356 1.015106 1.029388 1.001779 0.937582 0.85507 0.793581 0.758493 0.726888 0.677863 0.639902 0.609701 0.573746 0.530735 0.494161 0.479702 0.461581 0.432159 0.407189 0.382357 0.346915 0.281812 0.112424 -0.156749 -0.310495 -0.359931 -0.378373 -0.402947 -0.43115 -0.462932 -0.504881 -0.538571 -0.585804 -0.627579 
1.449888 1.419753 1.38191 1.348626 1.32627 1.298754 1.232461 1.16607 1.102389 1.012898 0.924937 0.864395 0.832909 0.853227 0.899552 0.859175 0.778792 0.743052 0.722356 0.683709 0.641984 0.618418 0.590437 0.557262 0.515685 0.47718 0.455087 0.431504 0.408568 0.39242 0.335757 0.086046 -0.204989 -0.33146 -0.36448 -0.372137 -0.381093 -0.396742 -0.42447 -0.456565 -0.484553 -0.518928 -0.555947 -0.596229 -0.630345 
1.387644 1.368326 1.332223 1.298555 1.271687 1.225064 1.148019 1.085552 1.021817 0.938841 0.878789 0.828939 0.764549 0.716261 0.708214 0.712971 0.715134 0.706634 0.687929 0.649152 0.620565 0.599435 0.566423 0.535761 0.49771 0.457842 0.428644 0.407716 0.39371 0.354104 0.105256 -0.270309 -0.365226 -0.388438 -0.404983 -0.410946 -0.415783 -0.431208 -0.459209 -0.48487 -0.50803 -0.53734 -0.565582 -0.598562 -0.628718 
1.355298 1.326945 1.26131 1.214719 1.175742 1.109434 1.042371 0.980184 0.916706 0.866823 0.829524 0.782194 0.726774 0.693677 0.674771 0.660177 0.668236 0.677884 0.653115 0.608491 0.58235 0.561427 0.530913 0.501231 0.469674 0.435539 0.40574 0.388544 0.351437 0.137421 -0.257718 -0.370288 -0.387447 -0.409168 -0.432961 -0.439159 -0.44393 -0.464208 -0.490175 -0.509172 -0.532936 -0.557113 -0.577131 -0.613101 -0.6373 
1.306099 1.275292 1.201768 1.144584 1.086397 1.02317 0.981205 0.913891 0.857587 0.821759 0.783833 0.746173 0.709592 0.681361 0.657935 0.639483 0.628519 0.62373 0.596692 0.560985 0.540505 0.519982 0.488347 0.464032 0.445074 0.42012 0.389623 0.33141 0.094686 -0.254454 -0.370248 -0.391541 -0.40436 -0.435857 -0.463441 -0.470119 -0.478616 -0.503791 -0.526923 -0.54305 -0.562804 -0.582319 -0.604421 -0.635398 -0.650191 
1.264693 1.238666 1.161671 1.069897 0.997673 0.953798 0.92343 0.851936 0.813116 0.782563 0.740699 0.709574 0.67983 0.649638 0.627662 0.613199 0.591713 0.557457 0.542677 0.531445 0.513967 0.489082 0.459051 0.443734 0.429889 0.392595 0.264452 -0.049791 -0.294359 -0.364117 -0.389671 -0.412178 -0.432078 -0.466271 -0.499624 -0.515224 -0.531358 -0.555539 -0.572619 -0.579175 -0.590251 -0.615625 -0.636868 -0.650795 -0.662742 
1.238995 1.194049 1.048413 0.940044 0.909508 0.892768 0.849676 0.768972 0.740805 0.716648 0.688553 0.666165 0.64247 0.617863 0.600162 0.581776 0.544828 0.507984 0.49722 0.497436 0.482556 0.461897 0.440695 0.427915 0.389794 0.201015 -0.160521 -0.335543 -0.371213 -0.382861 -0.405109 -0.433682 -0.4536 -0.486328 -0.525336 -0.544054 -0.559689 -0.581265 -0.595387 -0.601758 -0.61822 -0.64825 -0.670959 -0.709588 -0.781062 
0.914735 0.882095 0.858709 0.855244 0.852879 0.835883 0.776697 0.712059 0.687493 0.669053 0.651956 0.637766 0.621548 0.597583 0.575742 0.548951 0.505404 0.474146 0.451241 0.407683 0.373344 0.359647 0.330668 0.289689 0.090334 -0.230942 -0.340589 -0.368016 -0.383371 -0.400919 -0.426955 -0.451306 -0.4688 -0.50107 -0.539914 -0.563285 -0.585995 -0.610943 -0.628073 -0.66716 -0.723468 -0.733991 -0.777572 -0.874995 -0.952262 
0.686622 0.693022 0.733525 0.780139 0.788286 0.747604 0.692055 0.668316 0.654223 0.638944 0.62496 0.616295 0.597461 0.562094 0.539719 0.515018 0.46827 0.43363 0.390289 0.17358 -0.120798 -0.195278 -0.229764 -0.253569 -0.306372 -0.352977 -0.368327 -0.385134 -0.411837 -0.439277 -0.461684 -0.476486 -0.495739 -0.530452 -0.567321 -0.595883 -0.628754 -0.664502 -0.707577 -0.775793 -0.807753 -0.828565 -0.915236 -0.967618 -0.98836 
0.678831 0.678731 0.685623 0.6952 0.684119 0.654854 0.636949 0.625325 0.615355 0.610665 0.603775 0.594053 0.562844 0.524611 0.50897 0.479487 0.428357 0.398616 0.315041 -0.085184 -0.325731 -0.371528 -0.39014 -0.398314 -0.397258 -0.385639 -0.400902 -0.434623 -0.461397 -0.477456 -0.492966 -0.510643 -0.541799 -0.581971 -0.613402 -0.637472 -0.668737 -0.706156 -0.757063 -0.821486 -0.863245 -0.913487 -1.009419 -1.036599 -1.041882 
0.675935 0.670287 0.661378 0.653461 0.639013 0.624408 0.614388 0.600552 0.585896 0.575106 0.569114 0.55917 0.523511 0.489577 0.473862 0.442764 0.407805 0.370395 0.149685 -0.279824 -0.36907 -0.392067 -0.413007 -0.431031 -0.450899 -0.453861 -0.448996 -0.465756 -0.480744 -0.499153 -0.521112 -0.545019 -0.578533 -0.61296 -0.639165 -0.664358 -0.700499 -0.740099 -0.788972 -0.869051 -0.946567 -1.00911 -1.081171 -1.128743 -1.158576 
0.665307 0.647923 0.629218 0.618998 0.608868 0.592904 0.579009 0.568848 0.547212 0.525543 0.52349 0.51671 0.479403 0.449902 0.435999 0.407407 0.322834 0.114668 -0.242677 -0.383184 -0.39802 -0.414684 -0.439451 -0.464022 -0.494368 -0.519793 -0.508134 -0.486128 -0.494109 -0.521522 -0.547991 -0.575218 -0.606553 -0.638033 -0.674912 -0.715297 -0.754066 -0.791362 -0.863578 -0.972778 -1.035504 -1.069317 -1.118298 -1.190306 -1.226065 
0.661341 0.63476 0.607822 0.592793 0.580587 0.557224 0.537331 0.527973 0.507858 0.497174 0.496317 0.483479 0.450095 0.426732 0.404833 0.295992 -0.058184 -0.296103 -0.381245 -0.411138 -0.423619 -0.443698 -0.467889 -0.49295 -0.523783 -0.552175 -0.575751 -0.57598 -0.544937 -0.548091 -0.569106 -0.602937 -0.6395 -0.675982 -0.735532 -0.81337 -0.875184 -0.92528 -1.005609 -1.060739 -1.085925 -1.120593 -1.184078 -1.248775 -1.26739 
0.658377 0.631687 0.598022 0.575492 0.557048 0.528791 0.504931 0.488559 0.469599 0.464835 0.463736 0.453146 0.429782 0.384146 0.257493 -0.063305 -0.310923 -0.366585 -0.395209 -0.430286 -0.457899 -0.480248 -0.501903 -0.530351 -0.561766 -0.591731 -0.634657 -0.679843 -0.697539 -0.640432 -0.612629 -0.646803 -0.681275 -0.7127 -0.787461 -0.898956 -0.977397 -1.036246 -1.083118 -1.105409 -1.130586 -1.196978 -1.258889 -1.290989 -1.30058 
0.643198 0.624151 0.593688 0.564283 0.541113 0.509264 0.480814 0.454165 0.433282 0.428015 0.416913 0.361415 0.255861 0.052751 -0.215359 -0.331207 -0.36516 -0.38634 -0.419914 -0.463159 -0.49159 -0.513596 -0.545012 -0.583562 -0.610118 -0.636003 -0.682688 -0.732504 -0.790725 -0.851343 -0.783945 -0.72012 -0.726326 -0.760955 -0.869626 -0.980242 -1.03536 -1.08503 -1.138642 -1.172158 -1.221253 -1.278527 -1.300559 -1.31624 -1.32616 
0.635586 0.616145 0.585326 0.559149 0.535875 0.492632 0.45897 0.428704 0.409984 0.395274 0.264686 -0.062544 -0.245144 -0.31947 -0.360777 -0.372862 -0.386132 -0.413722 -0.447008 -0.482995 -0.514144 -0.54511 -0.583035 -0.61691 -0.64273 -0.675382 -0.733305 -0.802907 -0.878413 -0.941896 -0.943413 -0.820788 -0.787626 -0.841345 -0.951503 -1.020108 -1.065762 -1.139655 -1.217238 -1.261999 -1.317985 -1.348776 -1.342903 -1.348858 -1.361916 
0.65077 0.621099 0.578698 0.551786 0.525122 0.475933 0.440554 0.412822 0.389183 0.285787 -0.142248 -0.337661 -0.366978 -0.376622 -0.385138 -0.391998 -0.40729 -0.43093 -0.459838 -0.502015 -0.541278 -0.571672 -0.597586 -0.628651 -0.680288 -0.742997 -0.808225 -0.895567 -0.964248 -1.019015 -1.080006 -1.068875 -1.016704 -1.04106 -1.058395 -1.059176 -1.108054 -1.222816 -1.294272 -1.337579 -1.385313 -1.41235 -1.418845 -1.42188 -1.432824 
0.668671 0.634719 0.573038 0.538452 0.506104 0.463476 0.429008 0.398641 0.339359 -0.003168 -0.329107 -0.372781 -0.379958 -0.392011 -0.40782 -0.417692 -0.430152 -0.445654 -0.479129 -0.527062 -0.561971 -0.583247 -0.600741 -0.647371 -0.760585 -0.824498 -0.875042 -0.981979 -1.046649 -1.093621 -1.179063 -1.277393 -1.332857 -1.373603 -1.389281 -1.36055 -1.343586 -1.352973 -1.38209 -1.42259 -1.444516 -1.4526 -1.474791 -1.51306 -1.529251 
0.670218 0.638909 0.568136 0.521403 0.480394 0.444272 0.412585 0.354047 0.167537 -0.246409 -0.367186 -0.385916 -0.402752 -0.426241 -0.442991 -0.451866 -0.460945 -0.481678 -0.519888 -0.551406 -0.581982 -0.604345 -0.625507 -0.714373 -0.859917 -0.8891 -0.936555 -1.049026 -1.098313 -1.138365 -1.242865 -1.340984 -1.387863 -1.435594 -1.483926 -1.552327 -1.625156 -1.548296 -1.480343 -1.49427 -1.509052 -1.510392 -1.537882 -1.590638 -1.6131 
0.653031 0.623046 0.559404 0.496587 0.45499 0.426564 0.359015 0.10992 -0.197558 -0.359947 -0.390361 -0.408564 -0.437843 -0.458805 -0.478095 -0.495413 -0.502289 -0.52315 -0.5497 -0.56981 -0.609952 -0.637898 -0.667762 -0.774861 -0.904177 -0.927731 -0.978267 -1.089688 -1.13994 -1.191797 -1.30302 -1.381422 -1.421824 -1.472494 -1.523881 -1.600372 -1.679918 -1.676164 -1.576589 -1.554279 -1.580389 -1.612757 -1.644703 -1.656943 -1.657608 
0.632593 0.597276 0.541683 0.483575 0.446569 0.40602 0.161383 -0.251144 -0.367415 -0.403949 -0.420467 -0.441381 -0.467931 -0.481408 -0.501372 -0.524194 -0.531276 -0.544476 -0.565058 -0.588396 -0.629147 -0.657791 -0.715973 -0.8291 -0.919069 -0.951854 -1.014602 -1.139436 -1.20732 -1.272101 -1.359339 -1.42417 -1.476018 -1.532817 -1.589195 -1.658895 -1.719154 -1.746101 -1.699239 -1.626434 -1.634844 -1.667904 -1.700368 -1.712007 -1.706576 
0.624189 0.579598 0.527569 0.479222 0.435728 0.325122 -0.137299 -0.357692 -0.396771 -0.430219 -0.453027 -0.470839 -0.490625 -0.502617 -0.520004 -0.538431 -0.545542 -0.558829 -0.583203 -0.605529 -0.631515 -0.666011 -0.760043 -0.866608 -0.937695 -0.99604 -1.071008 -1.182638 -1.273889 -1.354212 -1.423642 -1.4845 -1.549877 -1.606717 -1.656765 -1.70835 -1.757904 -1.802063 -1.817148 -1.740176 -1.687634 -1.706793 -1.728919 -1.748357 -1.765678 
0.620039 0.573027 0.51757 0.462575 0.397256 0.165039 -0.27188 -0.383068 -0.418852 -0.474133 -0.50505 -0.516207 -0.520191 -0.525351 -0.536116 -0.547176 -0.554934 -0.571824 -0.595517 -0.612151 -0.629049 -0.657982 -0.763473 -0.908589 -0.997647 -1.056693 -1.109875 -1.204019 -1.338375 -1.421127 -1.473701 -1.526472 -1.58962 -1.644319 -1.693034 -1.749566 -1.806435 -1.85365 -1.878926 -1.858456 -1.765429 -1.756742 -1.778266 -1.810565 -1.845285 
0.601924 0.562148 0.504573 0.448901 0.347601 -0.017881 -0.338135 -0.413529 -0.47234 -0.534223 -0.554025 -0.564406 -0.56503 -0.565437 -0.571152 -0.569954 -0.572434 -0.589306 -0.607703 -0.619967 -0.631327 -0.650324 -0.761004 -0.9962 -1.07786 -1.131678 -1.202039 -1.296858 -1.417044 -1.467306 -1.50147 -1.544921 -1.607603 -1.676292 -1.744723 -1.816485 -1.87059 -1.902638 -1.918158 -1.91956 -1.862072 -1.845517 -1.87107 -1.89761 -1.916718 
0.579487 0.543526 0.492241 0.445182 0.297614 -0.18784 -0.398225 -0.475333 -0.557294 -0.589614 -0.591671 -0.596953 -0.600655 -0.611752 -0.623185 -0.622063 -0.619088 -0.625258 -0.628292 -0.633243 -0.639763 -0.679834 -0.908591 -1.122279 -1.173396 -1.248435 -1.329617 -1.389357 -1.451829 -1.496651 -1.528275 -1.572036 -1.642055 -1.723514 -1.795198 -1.865122 -1.92793 -1.957244 -1.968873 -1.983803 -1.958784 -1.931059 -1.942185 -1.958214 -1.973368 
0.557802 0.527997 0.484669 0.438578 0.268605 -0.278936 -0.446138 -0.527786 -0.592652 -0.609759 -0.615392 -0.621652 -0.623801 -0.634517 -0.644957 -0.65007 -0.651905 -0.650336 -0.646833 -0.649807 -0.657914 -0.795648 -1.118589 -1.196793 -1.234719 -1.300911 -1.368127 -1.408705 -1.453689 -1.513667 -1.554567 -1.601974 -1.670913 -1.745594 -1.813773 -1.893335 -1.968954 -2.004083 -2.018515 -2.03246 -2.011345 -1.976755 -1.982522 -1.998464 -2.017717 
