-0.567773 -0.528203 -0.462492 -0.386239 -0.092695 0.407031 0.529839 0.575068 0.615204 0.63751 0.645612 0.647399 0.642618 0.628139 0.614952 0.623374 0.638566 0.650107 0.655621 0.662427 0.673937 0.691609 0.95211 1.175437 1.189096 1.197263 1.226763 1.291559 1.338574 1.395609 1.457109 1.53784 1.672045 1.779519 1.861125 1.900879 1.924165 1.957587 1.984817 1.98946 1.982088 1.992016 1.997744 1.999279 2.000491 
-0.584633 -0.545103 -0.461944 -0.381965 -0.129173 0.382208 0.505243 0.543343 0.583823 0.611669 0.622373 0.626254 0.62494 0.604971 0.58447 0.595339 0.617384 0.629881 0.633818 0.639698 0.652458 0.669169 0.783117 1.080031 1.145107 1.153618 1.180998 1.247131 1.308208 1.38233 1.444396 1.518309 1.641357 1.731729 1.809185 1.858097 1.884348 1.910231 1.93647 1.930305 1.923687 1.953468 1.972736 1.97672 1.977715 
-0.59396 -0.556432 -0.474252 -0.393286 -0.193003 0.324152 0.462719 0.490292 0.519154 0.548036 0.563737 0.578666 0.586082 0.559183 0.544699 0.553461 0.575638 0.6001 0.610159 0.617811 0.635042 0.65981 0.705131 0.853781 0.993076 1.050496 1.100378 1.165216 1.240099 1.334985 1.420374 1.500493 1.596049 1.66354 1.720199 1.777648 1.82552 1.851961 1.864513 1.855995 1.854876 1.878004 1.909568 1.920829 1.927649 
-0.582531 -0.548753 -0.49696 -0.436783 -0.315859 0.10439 0.394998 0.454927 0.470214 0.486621 0.498726 0.507464 0.508272 0.508255 0.519955 0.533097 0.548872 0.575098 0.598045 0.609611 0.623079 0.653647 0.702329 0.783756 0.890806 0.980263 1.06505 1.139616 1.213785 1.29894 1.384319 1.465242 1.546852 1.614063 1.666629 1.727077 1.787219 1.816829 1.819076 1.799576 1.799154 1.801801 1.802311 1.811588 1.833248 
-0.578757 -0.544863 -0.501862 -0.452966 -0.391701 -0.226983 0.178075 0.400311 0.426102 0.443448 0.462573 0.465152 0.465455 0.47556 0.494036 0.513489 0.525712 0.541814 0.574123 0.597989 0.60893 0.637151 0.693024 0.756548 0.838341 0.916054 1.007725 1.125652 1.208897 1.275182 1.355285 1.435757 1.501979 1.566671 1.624638 1.686336 1.750907 1.785384 1.761321 1.719674 1.730198 1.731136 1.726757 1.733154 1.742651 
-0.58178 -0.544566 -0.502355 -0.453937 -0.405244 -0.35341 -0.129056 0.293121 0.38667 0.408448 0.431453 0.439924 0.447765 0.457511 0.470687 0.491914 0.507535 0.519533 0.542359 0.574251 0.596547 0.62538 0.678355 0.737741 0.808575 0.867171 0.921126 1.05295 1.178407 1.233515 1.302893 1.401824 1.471675 1.522684 1.575174 1.63607 1.695732 1.708131 1.627912 1.611741 1.629747 1.635249 1.658363 1.685886 1.691735 
-0.587502 -0.553598 -0.510001 -0.455876 -0.406928 -0.376219 -0.291964 0.04416 0.317113 0.382551 0.401119 0.408376 0.421993 0.436509 0.446677 0.464783 0.487304 0.506816 0.528546 0.550487 0.571692 0.604614 0.664228 0.722584 0.789507 0.848735 0.884916 0.958015 1.100925 1.17788 1.234088 1.324628 1.403787 1.459924 1.503997 1.556517 1.601108 1.53536 1.501884 1.5284 1.549577 1.557873 1.5862 1.630875 1.637715 
-0.592559 -0.567295 -0.522245 -0.460682 -0.416715 -0.390733 -0.357043 -0.268426 0.001716 0.264845 0.356231 0.380913 0.396433 0.410655 0.41629 0.425029 0.445074 0.475111 0.505093 0.52602 0.542568 0.566242 0.622509 0.677097 0.747526 0.828056 0.860618 0.900593 0.997182 1.095387 1.165535 1.231417 1.298638 1.374522 1.422777 1.41594 1.344433 1.340856 1.402538 1.447651 1.479488 1.488727 1.497541 1.545668 1.570621 
-0.594179 -0.575713 -0.532927 -0.466399 -0.431748 -0.411941 -0.384397 -0.366159 -0.327673 -0.179765 0.106442 0.287114 0.35443 0.384026 0.388864 0.398412 0.414248 0.439894 0.472539 0.502348 0.528611 0.551413 0.586137 0.630219 0.689139 0.774812 0.814976 0.853537 0.917055 0.992289 1.084748 1.161733 1.228592 1.320304 1.352617 1.255778 1.203688 1.239351 1.305128 1.347896 1.381011 1.413698 1.422263 1.444113 1.468407 
-0.592503 -0.572683 -0.535551 -0.477968 -0.446014 -0.430068 -0.402295 -0.384621 -0.379838 -0.363983 -0.299556 -0.173513 0.039916 0.305349 0.363107 0.383827 0.399822 0.419252 0.447194 0.48084 0.515233 0.539917 0.567113 0.606311 0.656662 0.713122 0.750768 0.79098 0.85971 0.919268 0.992252 1.07381 1.114775 1.139484 1.127513 1.12196 1.152015 1.189837 1.237366 1.269773 1.287728 1.338738 1.370051 1.37991 1.389022 
-0.603514 -0.570328 -0.536488 -0.497744 -0.463681 -0.445297 -0.417949 -0.397261 -0.39221 -0.38828 -0.380962 -0.366676 -0.312523 -0.065255 0.16534 0.313097 0.378858 0.398463 0.425365 0.466327 0.498855 0.522801 0.552845 0.58795 0.632747 0.676059 0.704267 0.738246 0.810662 0.875206 0.909341 0.896384 0.834554 0.856471 0.947093 1.018384 1.079946 1.131325 1.179942 1.214957 1.22727 1.263326 1.313928 1.342854 1.359299 
-0.634079 -0.594253 -0.547671 -0.519909 -0.492161 -0.469546 -0.44921 -0.428325 -0.417857 -0.409237 -0.40049 -0.391151 -0.379602 -0.354836 -0.300908 -0.062656 0.296834 0.377421 0.407254 0.451942 0.482224 0.504682 0.536191 0.565195 0.600861 0.646148 0.681383 0.71174 0.764112 0.82882 0.82052 0.757501 0.754009 0.805295 0.877911 0.926591 0.980009 1.039623 1.090852 1.140068 1.175013 1.201558 1.249934 1.30084 1.325307 
-0.643525 -0.613096 -0.566565 -0.544951 -0.528439 -0.506106 -0.491985 -0.476229 -0.464022 -0.445555 -0.429526 -0.413098 -0.394746 -0.383505 -0.370759 -0.309104 -0.002531 0.308258 0.389147 0.425706 0.452242 0.477288 0.512784 0.54104 0.566288 0.607196 0.65951 0.692098 0.716929 0.739258 0.717456 0.715808 0.734115 0.784888 0.843948 0.878586 0.923173 0.982381 1.02954 1.071037 1.120636 1.151015 1.185759 1.2521 1.285042 
-0.648473 -0.625161 -0.583791 -0.565942 -0.559972 -0.544029 -0.523939 -0.503961 -0.493265 -0.474785 -0.454752 -0.435653 -0.411473 -0.39343 -0.378523 -0.359117 -0.285035 0.028565 0.329354 0.399503 0.423474 0.448807 0.484138 0.51444 0.542233 0.576093 0.626761 0.667113 0.655783 0.633011 0.658789 0.683532 0.704439 0.755014 0.803405 0.827583 0.868999 0.925773 0.965965 0.998353 1.044314 1.085534 1.107307 1.189121 1.25678 
-0.653747 -0.640572 -0.608073 -0.589028 -0.585959 -0.575502 -0.555597 -0.528514 -0.515922 -0.497256 -0.471424 -0.456771 -0.441067 -0.420731 -0.398813 -0.378831 -0.355709 -0.244806 0.145777 0.366912 0.40793 0.432678 0.463015 0.488681 0.519433 0.555104 0.576846 0.578927 0.577902 0.59064 0.616566 0.639166 0.655604 0.697952 0.739678 0.750744 0.782564 0.845563 0.888328 0.926131 0.969597 1.004669 1.019254 1.077875 1.193991 
-0.666032 -0.661298 -0.650858 -0.636152 -0.617601 -0.601547 -0.592691 -0.578112 -0.562189 -0.537458 -0.498936 -0.48016 -0.467213 -0.447761 -0.425011 -0.40093 -0.377328 -0.340046 -0.139606 0.261443 0.383871 0.415216 0.442662 0.464912 0.490666 0.519334 0.513847 0.515234 0.540748 0.566342 0.588114 0.60625 0.620844 0.647726 0.680487 0.697262 0.728285 0.791886 0.840776 0.877889 0.918685 0.953687 0.959218 0.944766 0.936845 
-0.908882 -0.876079 -0.757441 -0.689799 -0.654554 -0.634892 -0.636066 -0.620992 -0.600763 -0.577568 -0.537152 -0.505166 -0.482648 -0.461032 -0.442582 -0.421086 -0.394624 -0.37526 -0.323116 -0.044529 0.242185 0.310763 0.327187 0.345577 0.389414 0.445258 0.478224 0.499025 0.520253 0.541539 0.562301 0.585625 0.604047 0.626892 0.652032 0.666843 0.686805 0.732345 0.781226 0.793046 0.782681 0.833962 0.84513 0.772043 0.713426 
-1.090123 -1.063607 -0.944903 -0.805581 -0.736493 -0.715808 -0.722992 -0.678097 -0.63142 -0.607134 -0.579434 -0.547229 -0.511012 -0.480915 -0.464925 -0.447311 -0.425123 -0.410314 -0.396496 -0.355993 -0.296129 -0.262446 -0.246787 -0.183494 0.120928 0.386852 0.446486 0.473543 0.495158 0.510465 0.526205 0.554792 0.581068 0.605789 0.631717 0.644394 0.652166 0.665499 0.680087 0.680965 0.684498 0.706616 0.717309 0.694913 0.683631 
-1.10424 -1.090978 -1.037098 -0.940346 -0.874759 -0.816151 -0.791287 -0.746901 -0.682785 -0.639698 -0.612138 -0.591022 -0.553092 -0.513969 -0.496395 -0.48305 -0.469327 -0.453114 -0.438362 -0.445285 -0.454006 -0.442308 -0.416908 -0.372777 -0.155921 0.279651 0.407678 0.430558 0.450669 0.474716 0.49455 0.518699 0.546469 0.572177 0.599679 0.618913 0.629123 0.635383 0.636938 0.639315 0.643442 0.645141 0.660055 0.667879 0.66972 
-1.12658 -1.118071 -1.091407 -1.015009 -0.943329 -0.865858 -0.819699 -0.783535 -0.73529 -0.692735 -0.658272 -0.634108 -0.595918 -0.560137 -0.542283 -0.523302 -0.50172 -0.484678 -0.480706 -0.489036 -0.479526 -0.462452 -0.438406 -0.410228 -0.337683 -0.022134 0.324946 0.408935 0.429392 0.446837 0.466041 0.488784 0.514179 0.54365 0.574296 0.596695 0.611135 0.617252 0.617373 0.613747 0.606194 0.599589 0.620071 0.644652 0.65057 
-1.204126 -1.191247 -1.17639 -1.130688 -1.054094 -0.952813 -0.873882 -0.831073 -0.790509 -0.761907 -0.727022 -0.687064 -0.640608 -0.610467 -0.591863 -0.565147 -0.544005 -0.554392 -0.565318 -0.539992 -0.511151 -0.482699 -0.454331 -0.424703 -0.388631 -0.301766 0.018294 0.336313 0.414434 0.431263 0.444853 0.467812 0.489689 0.51108 0.538691 0.560739 0.582066 0.59452 0.588117 0.574017 0.571984 0.574942 0.594355 0.630966 0.641293 
-1.293781 -1.267183 -1.239154 -1.215723 -1.167185 -1.066031 -0.965194 -0.911638 -0.852453 -0.808303 -0.777409 -0.738289 -0.682876 -0.644879 -0.624731 -0.612542 -0.634651 -0.650967 -0.621945 -0.577045 -0.54457 -0.510425 -0.475842 -0.438706 -0.403606 -0.374641 -0.307271 -0.075599 0.268846 0.408863 0.436333 0.457432 0.47136 0.481177 0.497832 0.509099 0.517544 0.534111 0.536248 0.537705 0.549642 0.562918 0.5795 0.611391 0.627157 
-1.345996 -1.327607 -1.291608 -1.263823 -1.226694 -1.152481 -1.063268 -1.004346 -0.949722 -0.886201 -0.835767 -0.786297 -0.727553 -0.684105 -0.680653 -0.707835 -0.70196 -0.681435 -0.655635 -0.618403 -0.591016 -0.555696 -0.51269 -0.468282 -0.432612 -0.407281 -0.384274 -0.357668 -0.230359 0.186003 0.392563 0.442249 0.451316 0.457558 0.470322 0.47492 0.470159 0.479337 0.500429 0.513811 0.530611 0.557756 0.576861 0.598441 0.614574 
-1.401036 -1.396169 -1.369388 -1.331254 -1.275898 -1.202845 -1.137417 -1.077727 -1.034418 -0.980956 -0.911968 -0.862841 -0.836426 -0.818435 -0.827791 -0.814621 -0.766687 -0.721327 -0.69577 -0.666069 -0.636489 -0.602013 -0.555175 -0.509002 -0.475741 -0.443026 -0.403604 -0.384281 -0.368257 -0.275781 0.081627 0.384598 0.423032 0.430284 0.432309 0.433579 0.438237 0.452473 0.474016 0.486448 0.498837 0.541634 0.574901 0.597168 0.612679 
-1.484137 -1.476125 -1.457997 -1.426293 -1.360262 -1.255165 -1.194482 -1.13677 -1.088118 -1.047196 -1.014243 -1.072579 -1.098886 -1.001397 -0.893007 -0.859085 -0.826648 -0.779274 -0.734431 -0.691181 -0.654746 -0.623816 -0.582441 -0.537289 -0.504756 -0.475355 -0.427024 -0.397739 -0.387897 -0.369466 -0.220818 0.238329 0.36847 0.385469 0.391941 0.402682 0.416681 0.432689 0.445841 0.456568 0.4694 0.504444 0.560676 0.599986 0.618259 
-1.562441 -1.537558 -1.50433 -1.480768 -1.44636 -1.357987 -1.282354 -1.216804 -1.153309 -1.133869 -1.192185 -1.211806 -1.18806 -1.090677 -0.94306 -0.8982 -0.874269 -0.832457 -0.770189 -0.707753 -0.666822 -0.639434 -0.606161 -0.561532 -0.52137 -0.497443 -0.463107 -0.421461 -0.407157 -0.400846 -0.365068 -0.145557 0.062454 0.13886 0.24811 0.345417 0.393527 0.414752 0.422333 0.433989 0.458345 0.484608 0.531877 0.598844 0.630713 
-1.621897 -1.594048 -1.54639 -1.519654 -1.49441 -1.440086 -1.367089 -1.304211 -1.253025 -1.267622 -1.28984 -1.260575 -1.226144 -1.142819 -1.005675 -0.950489 -0.926502 -0.892663 -0.830196 -0.745746 -0.693876 -0.665058 -0.635248 -0.584236 -0.526986 -0.506181 -0.486835 -0.456944 -0.442393 -0.433253 -0.422877 -0.395497 -0.359125 -0.329338 -0.26476 -0.113484 0.130137 0.340382 0.400554 0.417075 0.447936 0.484337 0.524902 0.590671 0.636377 
-1.700511 -1.676462 -1.607684 -1.567344 -1.548655 -1.514727 -1.445736 -1.378939 -1.376872 -1.396344 -1.358771 -1.312017 -1.275599 -1.221862 -1.120088 -1.036789 -1.000328 -0.974649 -0.935519 -0.836242 -0.744661 -0.712676 -0.691122 -0.626421 -0.543731 -0.528685 -0.512975 -0.487936 -0.474411 -0.461841 -0.445265 -0.42906 -0.410858 -0.39469 -0.383601 -0.365074 -0.284512 0.049199 0.349086 0.403353 0.423894 0.463962 0.5228 0.589306 0.629109 
-1.759399 -1.749464 -1.697018 -1.636535 -1.610497 -1.583005 -1.539252 -1.517367 -1.549099 -1.512822 -1.449149 -1.385593 -1.329728 -1.291528 -1.232191 -1.151136 -1.097876 -1.052624 -1.012413 -0.939246 -0.812 -0.766539 -0.737838 -0.664 -0.57457 -0.558104 -0.542888 -0.5125 -0.496973 -0.48615 -0.469937 -0.448617 -0.426939 -0.410549 -0.404316 -0.393388 -0.361575 -0.217901 0.207764 0.382232 0.405595 0.423881 0.486051 0.575668 0.62275 
-1.791151 -1.788124 -1.769369 -1.717131 -1.670272 -1.642336 -1.654526 -1.695961 -1.662142 -1.593569 -1.532933 -1.469596 -1.386877 -1.33699 -1.277998 -1.204344 -1.16 -1.10542 -1.047044 -0.98796 -0.877594 -0.814951 -0.755228 -0.674688 -0.606098 -0.58198 -0.566483 -0.537836 -0.523548 -0.515665 -0.501026 -0.477988 -0.457914 -0.444352 -0.437368 -0.427934 -0.403197 -0.346528 -0.06259 0.312503 0.394234 0.415911 0.460197 0.529098 0.58974 
-1.836227 -1.828005 -1.814576 -1.789826 -1.762535 -1.75582 -1.80124 -1.794119 -1.735276 -1.65883 -1.595774 -1.526238 -1.430768 -1.371725 -1.3089 -1.232727 -1.191596 -1.142077 -1.075574 -1.019841 -0.937308 -0.86248 -0.763105 -0.67829 -0.635938 -0.608637 -0.58863 -0.559213 -0.545166 -0.543104 -0.536248 -0.519659 -0.504226 -0.491797 -0.471857 -0.453142 -0.43212 -0.402801 -0.313209 0.058025 0.355727 0.413449 0.455531 0.508637 0.558562 
-1.907831 -1.889701 -1.869653 -1.862156 -1.86565 -1.890828 -1.911268 -1.876925 -1.81417 -1.737438 -1.690406 -1.617765 -1.4859 -1.402815 -1.338168 -1.261312 -1.214591 -1.155175 -1.087154 -1.046627 -0.99372 -0.928005 -0.805682 -0.687528 -0.652582 -0.631824 -0.610644 -0.579342 -0.559446 -0.558172 -0.555401 -0.548219 -0.539415 -0.529063 -0.505118 -0.472057 -0.444269 -0.418642 -0.391605 -0.243965 0.244344 0.400287 0.448504 0.509863 0.560495 
-1.973053 -1.957301 -1.938456 -1.926378 -1.92486 -1.963033 -1.98027 -1.953737 -1.908395 -1.828489 -1.777465 -1.720613 -1.588746 -1.471456 -1.39942 -1.309412 -1.240903 -1.172687 -1.103127 -1.063887 -1.024313 -0.981371 -0.879612 -0.706225 -0.662115 -0.645446 -0.630846 -0.612625 -0.583934 -0.573844 -0.569042 -0.564716 -0.561816 -0.560855 -0.551158 -0.519614 -0.474173 -0.434659 -0.410141 -0.340237 0.116308 0.387224 0.441677 0.507635 0.562944 
-2.010809 -2.004462 -1.990786 -1.980567 -1.97928 -2.015742 -2.025535 -2.010513 -1.986057 -1.925838 -1.850203 -1.776579 -1.6551 -1.538129 -1.474885 -1.388833 -1.275065 -1.204827 -1.142673 -1.096336 -1.049461 -0.985076 -0.833045 -0.69807 -0.669338 -0.655192 -0.644414 -0.637948 -0.620366 -0.602971 -0.596519 -0.595149 -0.596577 -0.599095 -0.590469 -0.570503 -0.534315 -0.472972 -0.425131 -0.359441 0.0196 0.369346 0.431197 0.488595 0.549736 
-2.027708 -2.027793 -2.020714 -2.017775 -2.0224 -2.041624 -2.043169 -2.030764 -2.007612 -1.96516 -1.895665 -1.808974 -1.676058 -1.555776 -1.499436 -1.41927 -1.2904 -1.22718 -1.173357 -1.130259 -1.093641 -0.950349 -0.728517 -0.683496 -0.673365 -0.660864 -0.648627 -0.643892 -0.63996 -0.630163 -0.624148 -0.624508 -0.627209 -0.629535 -0.618789 -0.605049 -0.583204 -0.514736 -0.436567 -0.36807 -0.075176 0.344677 0.4242 0.478953 0.540044 
