-1.414214 -1.383437 -1.352661 -1.321885 -1.291109 -1.260332 -1.229556 -1.19878 -1.168004 -1.137227 -1.106451 -1.075675 -1.044899 -1.014122 -0.983346 -0.95257 -0.921794 -0.891017 -0.860241 -0.829465 -0.798689 -0.767912 -0.737136 -0.70636 -0.675584 -0.644807 -0.614031 -0.583255 -0.552479 -0.521702 -0.490926 -0.46015 -0.429374 -0.398597 -0.367821 -0.337045 -0.306269 -0.275492 -0.244716 -0.21394 -0.183164 -0.152387 -0.121611 
-1.370333 -1.339557 -1.30878 -1.278004 -1.247228 -1.216452 -1.185675 -1.154899 -1.124123 -1.093347 -1.06257 -1.031794 -1.001018 -0.970242 -0.939465 -0.908689 -0.877913 -0.847137 -0.81636 -0.785584 -0.754808 -0.724032 -0.693255 -0.662479 -0.631703 -0.600927 -0.57015 -0.539374 -0.508598 -0.477822 -0.447045 -0.416269 -0.385493 -0.354717 -0.32394 -0.293164 -0.262388 -0.231612 -0.200835 -0.170059 -0.139283 -0.108507 -0.07773 
-1.326452 -1.295676 -1.2649 -1.234123 -1.203347 -1.172571 -1.141795 -1.111018 -1.080242 -1.049466 -1.01869 -0.987913 -0.957137 -0.926361 -0.895585 -0.864808 -0.834032 -0.803256 -0.77248 -0.741703 -0.710927 -0.680151 -0.649375 -0.618598 -0.587822 -0.557046 -0.52627 -0.495493 -0.464717 -0.433941 -0.403165 -0.372388 -0.341612 -0.310836 -0.28006 -0.249283 -0.218507 -0.187731 -0.156955 -0.126178 -0.095402 -0.064626 -0.03385 
-1.282571 -1.251795 -1.221019 -1.190243 -1.159466 -1.12869 -1.097914 -1.067138 -1.036361 -1.005585 -0.974809 -0.944033 -0.913256 -0.88248 -0.851704 -0.820928 -0.790151 -0.759375 -0.728599 -0.697823 -0.667046 -0.63627 -0.605494 -0.574718 -0.543942 -0.513165 -0.482389 -0.451613 -0.420837 -0.39006 -0.359284 -0.328508 -0.297732 -0.266955 -0.236179 -0.205403 -0.174627 -0.14385 -0.113074 -0.082298 -0.051522 -0.020745 0.010031 
-1.238691 -1.207914 -1.177138 -1.146362 -1.115586 -1.084809 -1.054033 -1.023257 -0.992481 -0.961705 -0.930928 -0.900152 -0.869376 -0.8386 -0.807823 -0.777047 -0.746271 -0.715495 -0.684718 -0.653942 -0.623166 -0.59239 -0.561613 -0.530837 -0.500061 -0.469285 -0.438508 -0.407732 -0.376956 -0.34618 -0.315403 -0.284627 -0.253851 -0.223075 -0.192298 -0.161522 -0.130746 -0.09997 -0.069193 -0.038417 -0.007641 0.023135 0.053912 
-1.19481 -1.164034 -1.133258 -1.102481 -1.071705 -1.040929 -1.010153 -0.979376 -0.9486 -0.917824 -0.887048 -0.856271 -0.825495 -0.794719 -0.763943 -0.733166 -0.70239 -0.671614 -0.640838 -0.610061 -0.579285 -0.548509 -0.517733 -0.486956 -0.45618 -0.425404 -0.394628 -0.363851 -0.333075 -0.302299 -0.271523 -0.240746 -0.20997 -0.179194 -0.148418 -0.117641 -0.086865 -0.056089 -0.025313 0.005464 0.03624 0.067016 0.097792 
-1.150929 -1.120153 -1.089377 -1.058601 -1.027824 -0.997048 -0.966272 -0.935496 -0.904719 -0.873943 -0.843167 -0.812391 -0.781614 -0.750838 -0.720062 -0.689286 -0.658509 -0.627733 -0.596957 -0.566181 -0.535404 -0.504628 -0.473852 -0.443076 -0.412299 -0.381523 -0.350747 -0.319971 -0.289194 -0.258418 -0.227642 -0.196866 -0.166089 -0.135313 -0.104537 -0.073761 -0.042984 -0.012208 0.018568 0.049344 0.080121 0.110897 0.141673 
-1.107049 -1.076272 -1.045496 -1.01472 -0.983944 -0.953167 -0.922391 -0.891615 -0.860839 -0.830062 -0.799286 -0.76851 -0.737734 -0.706957 -0.676181 -0.645405 -0.614629 -0.583852 -0.553076 -0.5223 -0.491524 -0.460747 -0.429971 -0.399195 -0.368419 -0.337642 -0.306866 -0.27609 -0.245314 -0.214537 -0.183761 -0.152985 -0.122209 -0.091432 -0.060656 -0.02988 0.000896 0.031673 0.062449 0.093225 0.124001 0.154778 0.185554 
-1.063168 -1.032392 -1.001615 -0.970839 -0.940063 -0.909287 -0.87851 -0.847734 -0.816958 -0.786182 -0.755405 -0.724629 -0.693853 -0.663077 -0.6323 -0.601524 -0.570748 -0.539972 -0.509195 -0.478419 -0.447643 -0.416867 -0.38609 -0.355314 -0.324538 -0.293762 -0.262985 -0.232209 -0.201433 -0.170657 -0.13988 -0.109104 -0.078328 -0.047552 -0.016775 0.014001 0.044777 0.075553 0.106329 0.137106 0.167882 0.198658 0.229434 
-1.019287 -0.988511 -0.957735 -0.926958 -0.896182 -0.865406 -0.83463 -0.803853 -0.773077 -0.742301 -0.711525 -0.680748 -0.649972 -0.619196 -0.58842 -0.557643 -0.526867 -0.496091 -0.465315 -0.434539 -0.403762 -0.372986 -0.34221 -0.311434 -0.280657 -0.249881 -0.219105 -0.188329 -0.157552 -0.126776 -0.096 -0.065224 -0.034447 -0.003671 0.027105 0.057881 0.088658 0.119434 0.15021 0.180986 0.211763 0.242539 0.273315 
-0.975406 -0.94463 -0.913854 -0.883078 -0.852302 -0.821525 -0.790749 -0.759973 -0.729197 -0.69842 -0.667644 -0.636868 -0.606092 -0.575315 -0.544539 -0.513763 -0.482987 -0.45221 -0.421434 -0.390658 -0.359882 -0.329105 -0.298329 -0.267553 -0.236777 -0.206 -0.175224 -0.144448 -0.113672 -0.082895 -0.052119 -0.021343 0.009433 0.04021 0.070986 0.101762 0.132538 0.163315 0.194091 0.224867 0.255643 0.28642 0.317196 
-0.931526 -0.90075 -0.869973 -0.839197 -0.808421 -0.777645 -0.746868 -0.716092 -0.685316 -0.65454 -0.623763 -0.592987 -0.562211 -0.531435 -0.500658 -0.469882 -0.439106 -0.40833 -0.377553 -0.346777 -0.316001 -0.285225 -0.254448 -0.223672 -0.192896 -0.16212 -0.131343 -0.100567 -0.069791 -0.039015 -0.008238 0.022538 0.053314 0.08409 0.114867 0.145643 0.176419 0.207195 0.237972 0.268748 0.299524 0.3303 0.361077 
-0.887645 -0.856869 -0.826093 -0.795316 -0.76454 -0.733764 -0.702988 -0.672211 -0.641435 -0.610659 -0.579883 -0.549106 -0.51833 -0.487554 -0.456778 -0.426001 -0.395225 -0.364449 -0.333673 -0.302896 -0.27212 -0.241344 -0.210568 -0.179791 -0.149015 -0.118239 -0.087463 -0.056686 -0.02591 0.004866 0.035642 0.066419 0.097195 0.127971 0.158747 0.189524 0.2203 0.251076 0.281852 0.312629 0.343405 0.374181 0.404957 
-0.843764 -0.812988 -0.782212 -0.751436 -0.720659 -0.689883 -0.659107 -0.628331 -0.597554 -0.566778 -0.536002 -0.505226 -0.474449 -0.443673 -0.412897 -0.382121 -0.351344 -0.320568 -0.289792 -0.259016 -0.228239 -0.197463 -0.166687 -0.135911 -0.105134 -0.074358 -0.043582 -0.012806 0.017971 0.048747 0.079523 0.110299 0.141076 0.171852 0.202628 0.233404 0.264181 0.294957 0.325733 0.356509 0.387286 0.418062 0.448838 
-0.799884 -0.769107 -0.738331 -0.707555 -0.676779 -0.646002 -0.615226 -0.58445 -0.553674 -0.522897 -0.492121 -0.461345 -0.430569 -0.399792 -0.369016 -0.33824 -0.307464 -0.276687 -0.245911 -0.215135 -0.184359 -0.153582 -0.122806 -0.09203 -0.061254 -0.030477 0.000299 0.031075 0.061851 0.092628 0.123404 0.15418 0.184956 0.215732 0.246509 0.277285 0.308061 0.338837 0.369614 0.40039 0.431166 0.461942 0.492719 
-0.756003 -0.725227 -0.69445 -0.663674 -0.632898 -0.602122 -0.571345 -0.540569 -0.509793 -0.479017 -0.44824 -0.417464 -0.386688 -0.355912 -0.325135 -0.294359 -0.263583 -0.232807 -0.202031 -0.171254 -0.140478 -0.109702 -0.078926 -0.048149 -0.017373 0.013403 0.044179 0.074956 0.105732 0.136508 0.167284 0.198061 0.228837 0.259613 0.290389 0.321166 0.351942 0.382718 0.413494 0.444271 0.475047 0.505823 0.536599 
-0.712122 -0.681346 -0.65057 -0.619794 -0.589017 -0.558241 -0.527465 -0.496689 -0.465912 -0.435136 -0.40436 -0.373584 -0.342807 -0.312031 -0.281255 -0.250479 -0.219702 -0.188926 -0.15815 -0.127374 -0.096597 -0.065821 -0.035045 -0.004269 0.026508 0.057284 0.08806 0.118836 0.149613 0.180389 0.211165 0.241941 0.272718 0.303494 0.33427 0.365046 0.395823 0.426599 0.457375 0.488151 0.518928 0.549704 0.58048 
-0.668242 -0.637465 -0.606689 -0.575913 -0.545137 -0.51436 -0.483584 -0.452808 -0.422032 -0.391255 -0.360479 -0.329703 -0.298927 -0.26815 -0.237374 -0.206598 -0.175822 -0.145045 -0.114269 -0.083493 -0.052717 -0.02194 0.008836 0.039612 0.070388 0.101165 0.131941 0.162717 0.193493 0.22427 0.255046 0.285822 0.316598 0.347375 0.378151 0.408927 0.439703 0.47048 0.501256 0.532032 0.562808 0.593585 0.624361 
-0.624361 -0.593585 -0.562808 -0.532032 -0.501256 -0.47048 -0.439703 -0.408927 -0.378151 -0.347375 -0.316598 -0.285822 -0.255046 -0.22427 -0.193493 -0.162717 -0.131941 -0.101165 -0.070388 -0.039612 -0.008836 0.02194 0.052717 0.083493 0.114269 0.145045 0.175822 0.206598 0.237374 0.26815 0.298927 0.329703 0.360479 0.391255 0.422032 0.452808 0.483584 0.51436 0.545137 0.575913 0.606689 0.637465 0.668242 
-0.58048 -0.549704 -0.518928 -0.488151 -0.457375 -0.426599 -0.395823 -0.365046 -0.33427 -0.303494 -0.272718 -0.241941 -0.211165 -0.180389 -0.149613 -0.118836 -0.08806 -0.057284 -0.026508 0.004269 0.035045 0.065821 0.096597 0.127374 0.15815 0.188926 0.219702 0.250479 0.281255 0.312031 0.342807 0.373584 0.40436 0.435136 0.465912 0.496689 0.527465 0.558241 0.589017 0.619794 0.65057 0.681346 0.712122 
-0.536599 -0.505823 -0.475047 -0.444271 -0.413494 -0.382718 -0.351942 -0.321166 -0.290389 -0.259613 -0.228837 -0.198061 -0.167284 -0.136508 -0.105732 -0.074956 -0.044179 -0.013403 0.017373 0.048149 0.078926 0.109702 0.140478 0.171254 0.202031 0.232807 0.263583 0.294359 0.325135 0.355912 0.386688 0.417464 0.44824 0.479017 0.509793 0.540569 0.571345 0.602122 0.632898 0.663674 0.69445 0.725227 0.756003 
-0.492719 -0.461942 -0.431166 -0.40039 -0.369614 -0.338837 -0.308061 -0.277285 -0.246509 -0.215732 -0.184956 -0.15418 -0.123404 -0.092628 -0.061851 -0.031075 -0.000299 0.030477 0.061254 0.09203 0.122806 0.153582 0.184359 0.215135 0.245911 0.276687 0.307464 0.33824 0.369016 0.399792 0.430569 0.461345 0.492121 0.522897 0.553674 0.58445 0.615226 0.646002 0.676779 0.707555 0.738331 0.769107 0.799884 
-0.448838 -0.418062 -0.387286 -0.356509 -0.325733 -0.294957 -0.264181 -0.233404 -0.202628 -0.171852 -0.141076 -0.110299 -0.079523 -0.048747 -0.017971 0.012806 0.043582 0.074358 0.105134 0.135911 0.166687 0.197463 0.228239 0.259016 0.289792 0.320568 0.351344 0.382121 0.412897 0.443673 0.474449 0.505226 0.536002 0.566778 0.597554 0.628331 0.659107 0.689883 0.720659 0.751436 0.782212 0.812988 0.843764 
-0.404957 -0.374181 -0.343405 -0.312629 -0.281852 -0.251076 -0.2203 -0.189524 -0.158747 -0.127971 -0.097195 -0.066419 -0.035642 -0.004866 0.02591 0.056686 0.087463 0.118239 0.149015 0.179791 0.210568 0.241344 0.27212 0.302896 0.333673 0.364449 0.395225 0.426001 0.456778 0.487554 0.51833 0.549106 0.579883 0.610659 0.641435 0.672211 0.702988 0.733764 0.76454 0.795316 0.826093 0.856869 0.887645 
-0.361077 -0.3303 -0.299524 -0.268748 -0.237972 -0.207195 -0.176419 -0.145643 -0.114867 -0.08409 -0.053314 -0.022538 0.008238 0.039015 0.069791 0.100567 0.131343 0.16212 0.192896 0.223672 0.254448 0.285225 0.316001 0.346777 0.377553 0.40833 0.439106 0.469882 0.500658 0.531435 0.562211 0.592987 0.623763 0.65454 0.685316 0.716092 0.746868 0.777645 0.808421 0.839197 0.869973 0.90075 0.931526 
-0.317196 -0.28642 -0.255643 -0.224867 -0.194091 -0.163315 -0.132538 -0.101762 -0.070986 -0.04021 -0.009433 0.021343 0.052119 0.082895 0.113672 0.144448 0.175224 0.206 0.236777 0.267553 0.298329 0.329105 0.359882 0.390658 0.421434 0.45221 0.482987 0.513763 0.544539 0.575315 0.606092 0.636868 0.667644 0.69842 0.729197 0.759973 0.790749 0.821525 0.852302 0.883078 0.913854 0.94463 0.975406 
-0.273315 -0.242539 -0.211763 -0.180986 -0.15021 -0.119434 -0.088658 -0.057881 -0.027105 0.003671 0.034447 0.065224 0.096 0.126776 0.157552 0.188329 0.219105 0.249881 0.280657 0.311434 0.34221 0.372986 0.403762 0.434539 0.465315 0.496091 0.526867 0.557643 0.58842 0.619196 0.649972 0.680748 0.711525 0.742301 0.773077 0.803853 0.83463 0.865406 0.896182 0.926958 0.957735 0.988511 1.019287 
-0.229434 -0.198658 -0.167882 -0.137106 -0.106329 -0.075553 -0.044777 -0.014001 0.016775 0.047552 0.078328 0.109104 0.13988 0.170657 0.201433 0.232209 0.262985 0.293762 0.324538 0.355314 0.38609 0.416867 0.447643 0.478419 0.509195 0.539972 0.570748 0.601524 0.6323 0.663077 0.693853 0.724629 0.755405 0.786182 0.816958 0.847734 0.87851 0.909287 0.940063 0.970839 1.001615 1.032392 1.063168 
-0.185554 -0.154778 -0.124001 -0.093225 -0.062449 -0.031673 -0.000896 0.02988 0.060656 0.091432 0.122209 0.152985 0.183761 0.214537 0.245314 0.27609 0.306866 0.337642 0.368419 0.399195 0.429971 0.460747 0.491524 0.5223 0.553076 0.583852 0.614629 0.645405 0.676181 0.706957 0.737734 0.76851 0.799286 0.830062 0.860839 0.891615 0.922391 0.953167 0.983944 1.01472 1.045496 1.076272 1.107049 
-0.141673 -0.110897 -0.080121 -0.049344 -0.018568 0.012208 0.042984 0.073761 0.104537 0.135313 0.166089 0.196866 0.227642 0.258418 0.289194 0.319971 0.350747 0.381523 0.412299 0.443076 0.473852 0.504628 0.535404 0.566181 0.596957 0.627733 0.658509 0.689286 0.720062 0.750838 0.781614 0.812391 0.843167 0.873943 0.904719 0.935496 0.966272 0.997048 1.027824 1.058601 1.089377 1.120153 1.150929 
-0.097792 -0.067016 -0.03624 -0.005464 0.025313 0.056089 0.086865 0.117641 0.148418 0.179194 0.20997 0.240746 0.271523 0.302299 0.333075 0.363851 0.394628 0.425404 0.45618 0.486956 0.517733 0.548509 0.579285 0.610061 0.640838 0.671614 0.70239 0.733166 0.763943 0.794719 0.825495 0.856271 0.887048 0.917824 0.9486 0.979376 1.010153 1.040929 1.071705 1.102481 1.133258 1.164034 1.19481 
-0.053912 -0.023135 0.007641 0.038417 0.069193 0.09997 0.130746 0.161522 0.192298 0.223075 0.253851 0.284627 0.315403 0.34618 0.376956 0.407732 0.438508 0.469285 0.500061 0.530837 0.561613 0.59239 0.623166 0.653942 0.684718 0.715495 0.746271 0.777047 0.807823 0.8386 0.869376 0.900152 0.930928 0.961705 0.992481 1.023257 1.054033 1.084809 1.115586 1.146362 1.177138 1.207914 1.238691 
-0.010031 0.020745 0.051522 0.082298 0.113074 0.14385 0.174627 0.205403 0.236179 0.266955 0.297732 0.328508 0.359284 0.39006 0.420837 0.451613 0.482389 0.513165 0.543942 0.574718 0.605494 0.63627 0.667046 0.697823 0.728599 0.759375 0.790151 0.820928 0.851704 0.88248 0.913256 0.944033 0.974809 1.005585 1.036361 1.067138 1.097914 1.12869 1.159466 1.190243 1.221019 1.251795 1.282571 
0.03385 0.064626 0.095402 0.126178 0.156955 0.187731 0.218507 0.249283 0.28006 0.310836 0.341612 0.372388 0.403165 0.433941 0.464717 0.495493 0.52627 0.557046 0.587822 0.618598 0.649375 0.680151 0.710927 0.741703 0.77248 0.803256 0.834032 0.864808 0.895585 0.926361 0.957137 0.987913 1.01869 1.049466 1.080242 1.111018 1.141795 1.172571 1.203347 1.234123 1.2649 1.295676 1.326452 
0.07773 0.108507 0.139283 0.170059 0.200835 0.231612 0.262388 0.293164 0.32394 0.354717 0.385493 0.416269 0.447045 0.477822 0.508598 0.539374 0.57015 0.600927 0.631703 0.662479 0.693255 0.724032 0.754808 0.785584 0.81636 0.847137 0.877913 0.908689 0.939465 0.970242 1.001018 1.031794 1.06257 1.093347 1.124123 1.154899 1.185675 1.216452 1.247228 1.278004 1.30878 1.339557 1.370333 
0.121611 0.152387 0.183164 0.21394 0.244716 0.275492 0.306269 0.337045 0.367821 0.398597 0.429374 0.46015 0.490926 0.521702 0.552479 0.583255 0.614031 0.644807 0.675584 0.70636 0.737136 0.767912 0.798689 0.829465 0.860241 0.891017 0.921794 0.95257 0.983346 1.014122 1.044899 1.075675 1.106451 1.137227 1.168004 1.19878 1.229556 1.260332 1.291109 1.321885 1.352661 1.383437 1.414214 
