map size - [35, 45]
quantization error - 0.0193446011673
topographic error - 0.011
topographic error and quantization error average - 0.0151723005837
density - 0.634920634921
HIT map - 
3 2 3 2 0 1 3 2 2 3 1 1 1 1 1 2 2 0 2 0 1 0 0 0 2 1 1 0 2 0 1 0 1 0 2 4 0 1 3 0 0 3 2 0 4 
3 0 0 1 0 0 1 0 1 0 2 0 2 0 0 0 0 0 1 0 0 0 0 0 0 0 0 0 0 0 2 0 0 2 0 0 1 2 0 0 0 1 3 1 1 
1 0 0 1 0 0 1 1 0 1 0 1 0 0 2 1 0 1 1 0 1 1 0 0 0 1 0 0 1 0 0 1 1 0 0 2 0 2 0 0 3 0 0 0 2 
1 2 1 0 0 0 1 1 2 0 2 0 0 0 1 1 1 0 1 1 0 0 1 0 1 0 1 2 0 1 1 0 0 2 2 1 1 4 0 0 2 2 0 1 0 
2 1 1 1 1 0 0 0 1 0 2 0 1 1 1 0 1 0 0 0 1 0 0 1 0 1 0 0 1 1 0 2 1 0 1 0 1 0 0 0 2 0 1 1 1 
0 0 2 1 2 1 0 0 3 0 0 1 1 2 0 1 1 1 0 0 1 1 1 1 0 1 0 0 1 0 1 0 2 2 1 1 1 0 0 1 0 1 0 1 1 
2 1 1 0 1 1 0 0 0 1 1 0 0 0 2 0 1 1 1 1 0 0 0 0 1 1 2 0 0 2 1 0 0 0 0 0 0 0 0 1 1 2 0 1 1 
0 0 1 0 1 0 2 0 0 0 0 2 1 1 1 0 0 0 1 0 1 0 0 1 0 0 1 1 0 1 0 0 2 0 2 0 0 0 1 1 0 1 0 0 2 
5 1 1 0 2 1 0 1 0 0 0 0 0 0 1 1 2 1 0 2 1 1 0 1 0 0 2 0 2 0 0 2 0 0 0 0 0 1 0 1 0 1 2 0 0 
0 1 0 0 2 1 0 2 0 1 0 0 0 0 1 0 1 0 3 0 0 1 1 0 1 0 1 0 0 0 1 0 0 0 0 0 2 2 0 2 0 0 1 0 2 
0 0 2 0 1 1 0 1 1 1 0 1 0 0 0 0 0 2 0 1 1 2 0 2 0 2 1 1 0 3 0 0 0 0 0 1 0 0 1 0 2 0 1 1 1 
1 0 0 1 0 0 0 0 0 0 2 1 0 0 0 0 0 2 1 0 3 0 1 1 0 1 0 1 1 0 0 0 1 0 1 0 1 1 0 0 1 0 1 0 0 
1 1 0 1 0 1 0 1 0 1 0 0 1 2 1 0 0 0 1 0 0 0 1 1 1 0 1 2 0 0 0 1 2 0 1 2 1 0 2 1 0 2 0 0 1 
0 0 0 2 0 0 1 0 1 0 2 1 1 1 1 2 0 0 0 1 2 1 0 0 2 1 0 0 0 0 0 2 0 0 1 0 0 1 0 0 0 0 0 0 1 
1 1 0 0 1 1 0 0 2 0 0 1 0 0 0 1 1 0 0 1 1 0 1 3 0 1 0 0 0 1 1 0 1 0 1 1 0 0 1 1 1 0 1 0 0 
0 0 0 0 0 1 0 0 0 0 1 1 1 1 2 1 0 1 0 0 1 1 1 1 0 0 0 0 0 2 0 2 1 0 0 1 1 1 2 0 0 0 1 0 0 
0 0 0 1 1 1 0 1 2 1 0 1 1 1 1 0 1 2 0 0 0 0 0 0 0 0 0 3 1 1 0 1 2 1 2 2 0 0 0 0 0 0 0 0 0 
0 0 0 0 0 0 0 0 0 1 0 1 0 0 1 1 0 0 1 0 0 0 0 0 0 1 1 0 0 1 0 1 0 0 0 1 1 1 0 0 1 0 0 1 1 
1 2 0 1 0 0 2 0 1 0 2 1 0 1 2 0 0 2 0 0 1 0 1 1 0 0 1 0 0 1 2 0 1 1 0 1 1 1 0 1 0 0 0 0 0 
1 0 0 0 1 0 1 0 1 0 0 1 0 1 0 0 2 0 0 0 1 2 1 1 0 0 0 2 3 0 0 1 0 0 2 1 1 1 1 0 1 0 0 1 0 
0 0 1 0 0 0 0 1 0 0 1 1 0 1 1 1 0 0 0 0 1 0 1 1 1 0 0 0 0 1 2 0 2 1 0 0 0 1 0 0 0 1 0 0 1 
1 0 1 0 1 0 1 0 0 2 1 0 0 2 1 0 0 0 0 2 1 1 1 1 1 2 0 0 0 0 1 1 1 0 1 1 0 0 0 1 1 1 0 0 1 
1 0 1 1 0 0 0 1 0 0 0 1 1 0 0 0 0 3 1 0 0 0 1 0 1 0 1 0 0 0 0 0 1 2 0 1 1 0 1 1 0 0 1 0 1 
1 1 0 0 1 1 1 0 1 1 1 0 0 0 0 0 1 0 0 0 2 1 1 0 1 1 1 2 0 0 0 0 1 0 0 0 1 1 0 1 0 0 2 1 2 
0 1 0 1 0 0 1 0 2 0 0 0 0 0 1 2 1 0 2 1 1 0 0 1 2 0 0 1 0 1 0 0 1 0 1 1 2 0 1 0 1 0 0 1 1 
1 1 1 2 0 0 1 0 1 0 0 0 2 0 0 1 0 1 0 0 1 1 2 1 0 1 0 0 2 0 0 0 0 0 0 0 0 0 2 0 1 1 0 0 1 
2 0 0 1 1 1 1 1 0 0 0 2 1 0 1 1 1 1 0 1 0 2 0 0 0 1 1 0 0 1 1 0 0 0 0 0 0 0 1 0 0 2 1 0 1 
1 0 1 2 0 1 0 1 0 0 1 1 0 0 0 0 1 0 0 0 1 0 0 0 0 1 0 0 3 0 0 1 2 1 1 0 0 0 0 3 0 0 0 1 0 
3 0 0 0 1 2 0 0 0 0 1 0 1 1 1 0 1 0 2 0 0 1 1 0 0 2 0 1 1 1 0 1 0 1 2 0 2 0 0 1 1 0 0 0 3 
2 2 1 0 3 0 0 0 1 1 1 0 0 1 0 1 1 0 1 0 0 1 0 0 0 2 0 0 1 0 1 1 1 0 1 0 0 1 0 0 3 1 1 0 0 
1 0 2 1 0 0 0 1 1 0 1 1 1 2 0 1 2 0 0 0 1 1 0 2 0 0 0 1 1 1 0 0 0 1 0 3 1 1 0 0 0 1 2 3 1 
1 1 1 0 2 0 0 1 0 1 0 0 0 1 1 1 1 0 2 1 0 0 0 0 0 1 1 0 0 1 2 1 1 1 1 0 1 1 2 0 0 2 0 0 0 
1 1 0 1 1 0 1 2 0 0 2 1 0 1 0 0 1 0 0 1 1 1 0 0 1 0 0 0 0 1 1 2 1 2 0 0 1 1 3 0 0 0 1 1 3 
3 0 2 1 0 0 2 0 0 0 1 0 1 0 1 0 0 0 1 0 0 0 0 0 0 0 1 0 0 1 1 0 0 0 2 2 0 1 1 0 0 1 2 0 0 
1 3 0 2 0 0 2 1 4 3 1 2 0 2 2 0 1 1 0 1 0 0 0 1 0 1 0 3 0 1 1 2 1 2 1 1 2 1 1 2 0 0 3 1 3 

