1.354963 1.334748 1.313457 1.294593 1.28531 1.284026 1.276112 1.271441 1.265951 1.249249 1.234912 1.228962 1.209915 1.065351 0.463124 0.145737 0.106803 
1.331894 1.308308 1.273504 1.240656 1.22932 1.214814 1.18036 1.167177 1.164956 1.156125 1.148411 1.139157 1.118816 0.930733 0.316225 0.112776 0.0847 
1.309437 1.27121 1.202596 1.152208 1.112641 1.054677 1.008679 0.98984 0.973981 0.975645 0.979513 0.962626 0.920675 0.618272 0.031504 -0.062263 -0.082745 
1.2938 1.223074 1.123873 1.06851 1.018838 0.954607 0.903036 0.868968 0.838989 0.821241 0.81066 0.774565 0.523209 -0.27763 -0.759913 -0.846173 -0.923213 
1.265473 1.174352 1.07621 1.015018 0.962613 0.894604 0.829706 0.78441 0.750475 0.725513 0.704324 0.578429 -0.163174 -0.794337 -0.965036 -1.091423 -1.202671 
1.244285 1.163186 1.066282 0.979795 0.900191 0.827742 0.766062 0.714474 0.677743 0.651574 0.587555 0.220005 -0.634564 -0.889252 -0.987526 -1.12781 -1.24242 
1.23035 1.14902 1.046799 0.937565 0.846567 0.78813 0.722397 0.655573 0.613551 0.540532 0.235954 -0.344412 -0.763786 -0.903424 -1.010195 -1.165023 -1.272235 
1.205834 1.118129 1.012628 0.90223 0.819816 0.764411 0.686648 0.608449 0.537752 0.251871 -0.346011 -0.63505 -0.776234 -0.897346 -1.028966 -1.184279 -1.284851 
1.202574 1.118057 1.002916 0.891607 0.808439 0.732423 0.641853 0.553025 0.394911 -0.098347 -0.564081 -0.693066 -0.777902 -0.89347 -1.037262 -1.174987 -1.264304 
1.216141 1.137188 1.022193 0.89856 0.79185 0.696032 0.606794 0.464157 0.098223 -0.370605 -0.617139 -0.705427 -0.776628 -0.89826 -1.047206 -1.163728 -1.238979 
1.215777 1.135357 1.021661 0.894139 0.780795 0.683116 0.554158 0.186572 -0.333514 -0.545998 -0.648925 -0.716372 -0.782271 -0.909879 -1.053147 -1.163182 -1.23741 
1.206044 1.123757 0.998833 0.874661 0.774696 0.665785 0.355133 -0.279146 -0.550039 -0.616209 -0.679621 -0.742747 -0.815087 -0.947672 -1.072914 -1.17625 -1.254285 
1.20533 1.117338 0.980275 0.857468 0.746021 0.508833 -0.136957 -0.559046 -0.630405 -0.664094 -0.720287 -0.786867 -0.872209 -0.995611 -1.093196 -1.182224 -1.261253 
1.225671 1.121399 0.965984 0.83119 0.601659 -0.040704 -0.56463 -0.676923 -0.695554 -0.72889 -0.784617 -0.842795 -0.925625 -1.030312 -1.109033 -1.193442 -1.271289 
1.214628 1.111518 0.948507 0.716573 0.118307 -0.552305 -0.717891 -0.748176 -0.773478 -0.810165 -0.852183 -0.889437 -0.964928 -1.067192 -1.132831 -1.20833 -1.278853 
1.067613 0.975601 0.793676 0.181618 -0.571413 -0.806656 -0.82435 -0.8349 -0.870954 -0.903962 -0.926264 -0.959164 -1.043048 -1.127396 -1.171214 -1.222462 -1.27462 
0.494372 0.431482 0.228806 -0.603643 -0.946652 -0.984264 -0.976791 -0.971976 -0.999391 -1.037662 -1.059445 -1.091268 -1.154819 -1.192934 -1.212743 -1.243709 -1.281283 
0.172278 0.147542 -0.06895 -0.897383 -1.106558 -1.121367 -1.12113 -1.131327 -1.170352 -1.210945 -1.225111 -1.232228 -1.26096 -1.265549 -1.257579 -1.272896 -1.307905 
0.12004 0.096881 -0.148677 -1.010919 -1.196005 -1.210635 -1.215572 -1.237036 -1.276684 -1.303673 -1.308865 -1.308959 -1.32228 -1.320993 -1.305049 -1.3072 -1.332048 
