-0.164003 -0.219828 -0.288415 -0.363102 -0.468194 -0.555495 -0.671318 -0.778085 -0.882707 -1.024185 -1.159502 -1.293996 -1.400204 -1.52412 -1.922094 -2.170844 -2.242575 
-0.122205 -0.163243 -0.249573 -0.331982 -0.421076 -0.512892 -0.627719 -0.725468 -0.837163 -0.996485 -1.120962 -1.239299 -1.350285 -1.526939 -1.962757 -2.132901 -2.191998 
-0.063466 -0.094743 -0.185706 -0.269785 -0.337891 -0.427352 -0.537838 -0.624661 -0.724146 -0.887235 -1.020264 -1.131764 -1.245244 -1.424646 -1.834963 -2.009296 -2.068592 
0.01228 -0.023049 -0.11323 -0.201336 -0.277418 -0.36791 -0.46337 -0.543054 -0.631701 -0.76328 -0.891527 -1.006491 -1.126831 -1.2418 -1.373975 -1.502786 -1.573566 
0.118508 0.07026 -0.02759 -0.120493 -0.202766 -0.302826 -0.40188 -0.479077 -0.568805 -0.67872 -0.77777 -0.893539 -1.056599 -1.161448 -1.239247 -1.322403 -1.385015 
0.215932 0.167266 0.074126 -0.026393 -0.097352 -0.179345 -0.298122 -0.398438 -0.502157 -0.613379 -0.68862 -0.785157 -0.978238 -1.076471 -1.156339 -1.239406 -1.291954 
0.281259 0.253133 0.193146 0.092389 0.001603 -0.073417 -0.179903 -0.286764 -0.396457 -0.53481 -0.624568 -0.69174 -0.833741 -0.946969 -1.026892 -1.105946 -1.152188 
0.376379 0.355102 0.312639 0.228386 0.121828 0.03286 -0.071124 -0.170434 -0.253481 -0.404026 -0.545546 -0.601605 -0.680451 -0.780754 -0.860107 -0.93067 -0.978152 
0.548686 0.503901 0.436609 0.350408 0.257321 0.178539 0.081865 -0.040795 -0.133962 -0.272811 -0.426363 -0.491049 -0.554616 -0.644802 -0.723384 -0.775353 -0.812609 
0.67572 0.643204 0.580899 0.486116 0.39167 0.309339 0.222401 0.097627 -0.035082 -0.156201 -0.278926 -0.348151 -0.414394 -0.523153 -0.621907 -0.673567 -0.701741 
0.787315 0.756557 0.710694 0.642923 0.547745 0.431843 0.321673 0.207791 0.094287 -0.003862 -0.122749 -0.208011 -0.270447 -0.376506 -0.489867 -0.556989 -0.584655 
0.901027 0.859258 0.801005 0.738978 0.663821 0.561444 0.42592 0.290413 0.201348 0.120394 0.015394 -0.077981 -0.144248 -0.235175 -0.325128 -0.396144 -0.442658 
1.030994 0.975555 0.895207 0.818071 0.744265 0.666199 0.556984 0.421657 0.31488 0.225288 0.128019 0.033936 -0.046727 -0.136713 -0.211458 -0.276377 -0.332088 
1.20653 1.135855 1.024588 0.923735 0.83654 0.764644 0.685461 0.570459 0.445258 0.343037 0.258783 0.161845 0.038447 -0.065058 -0.126087 -0.18132 -0.226367 
1.342424 1.275592 1.155641 1.047285 0.968968 0.875126 0.774998 0.671514 0.552573 0.438019 0.35578 0.277422 0.142186 0.01591 -0.038047 -0.089099 -0.137174 
1.524241 1.482016 1.340107 1.189485 1.121963 1.015202 0.888706 0.765286 0.644841 0.51861 0.41535 0.342387 0.231005 0.116254 0.060838 0.01409 -0.039528 
2.144369 2.127096 1.894191 1.384791 1.242586 1.152372 1.038829 0.896883 0.740507 0.607451 0.491132 0.402638 0.297468 0.200352 0.139387 0.092709 0.050943 
2.5126 2.468555 2.242749 1.5208 1.330364 1.246476 1.141909 1.005614 0.822514 0.681609 0.569676 0.465195 0.36229 0.276946 0.199754 0.133551 0.084246 
2.589017 2.53901 2.301381 1.561375 1.381654 1.296514 1.185073 1.041862 0.853517 0.711828 0.60669 0.497431 0.398226 0.331705 0.253322 0.16984 0.11037 
