-1.414214 -1.364622 -1.315031 -1.265439 -1.215847 -1.166256 -1.116664 -1.067073 -1.017481 -0.96789 -0.918298 -0.868707 -0.819115 -0.769524 -0.719932 -0.670341 -0.620749 -0.571158 -0.521566 -0.471975 -0.422383 
-1.326757 -1.277165 -1.227574 -1.177982 -1.12839 -1.078799 -1.029207 -0.979616 -0.930024 -0.880433 -0.830841 -0.78125 -0.731658 -0.682067 -0.632475 -0.582884 -0.533292 -0.483701 -0.434109 -0.384518 -0.334926 
-1.2393 -1.189708 -1.140117 -1.090525 -1.040933 -0.991342 -0.94175 -0.892159 -0.842567 -0.792976 -0.743384 -0.693793 -0.644201 -0.59461 -0.545018 -0.495427 -0.445835 -0.396244 -0.346652 -0.297061 -0.247469 
-1.151843 -1.102251 -1.05266 -1.003068 -0.953477 -0.903885 -0.854293 -0.804702 -0.75511 -0.705519 -0.655927 -0.606336 -0.556744 -0.507153 -0.457561 -0.40797 -0.358378 -0.308787 -0.259195 -0.209604 -0.160012 
-1.064386 -1.014794 -0.965203 -0.915611 -0.86602 -0.816428 -0.766836 -0.717245 -0.667653 -0.618062 -0.56847 -0.518879 -0.469287 -0.419696 -0.370104 -0.320513 -0.270921 -0.22133 -0.171738 -0.122147 -0.072555 
-0.976929 -0.927337 -0.877746 -0.828154 -0.778563 -0.728971 -0.67938 -0.629788 -0.580196 -0.530605 -0.481013 -0.431422 -0.38183 -0.332239 -0.282647 -0.233056 -0.183464 -0.133873 -0.084281 -0.03469 0.014902 
-0.889472 -0.83988 -0.790289 -0.740697 -0.691106 -0.641514 -0.591923 -0.542331 -0.492739 -0.443148 -0.393556 -0.343965 -0.294373 -0.244782 -0.19519 -0.145599 -0.096007 -0.046416 0.003176 0.052767 0.102359 
-0.802015 -0.752423 -0.702832 -0.65324 -0.603649 -0.554057 -0.504466 -0.454874 -0.405282 -0.355691 -0.306099 -0.256508 -0.206916 -0.157325 -0.107733 -0.058142 -0.00855 0.041041 0.090633 0.140224 0.189816 
-0.714558 -0.664966 -0.615375 -0.565783 -0.516192 -0.4666 -0.417009 -0.367417 -0.317826 -0.268234 -0.218642 -0.169051 -0.119459 -0.069868 -0.020276 0.029315 0.078907 0.128498 0.17809 0.227681 0.277273 
-0.627101 -0.577509 -0.527918 -0.478326 -0.428735 -0.379143 -0.329552 -0.27996 -0.230369 -0.180777 -0.131185 -0.081594 -0.032002 0.017589 0.067181 0.116772 0.166364 0.215955 0.265547 0.315138 0.36473 
-0.539644 -0.490052 -0.440461 -0.390869 -0.341278 -0.291686 -0.242095 -0.192503 -0.142912 -0.09332 -0.043728 0.005863 0.055455 0.105046 0.154638 0.204229 0.253821 0.303412 0.353004 0.402595 0.452187 
-0.452187 -0.402595 -0.353004 -0.303412 -0.253821 -0.204229 -0.154638 -0.105046 -0.055455 -0.005863 0.043728 0.09332 0.142912 0.192503 0.242095 0.291686 0.341278 0.390869 0.440461 0.490052 0.539644 
-0.36473 -0.315138 -0.265547 -0.215955 -0.166364 -0.116772 -0.067181 -0.017589 0.032002 0.081594 0.131185 0.180777 0.230369 0.27996 0.329552 0.379143 0.428735 0.478326 0.527918 0.577509 0.627101 
-0.277273 -0.227681 -0.17809 -0.128498 -0.078907 -0.029315 0.020276 0.069868 0.119459 0.169051 0.218642 0.268234 0.317826 0.367417 0.417009 0.4666 0.516192 0.565783 0.615375 0.664966 0.714558 
-0.189816 -0.140224 -0.090633 -0.041041 0.00855 0.058142 0.107733 0.157325 0.206916 0.256508 0.306099 0.355691 0.405282 0.454874 0.504466 0.554057 0.603649 0.65324 0.702832 0.752423 0.802015 
-0.102359 -0.052767 -0.003176 0.046416 0.096007 0.145599 0.19519 0.244782 0.294373 0.343965 0.393556 0.443148 0.492739 0.542331 0.591923 0.641514 0.691106 0.740697 0.790289 0.83988 0.889472 
-0.014902 0.03469 0.084281 0.133873 0.183464 0.233056 0.282647 0.332239 0.38183 0.431422 0.481013 0.530605 0.580196 0.629788 0.67938 0.728971 0.778563 0.828154 0.877746 0.927337 0.976929 
0.072555 0.122147 0.171738 0.22133 0.270921 0.320513 0.370104 0.419696 0.469287 0.518879 0.56847 0.618062 0.667653 0.717245 0.766836 0.816428 0.86602 0.915611 0.965203 1.014794 1.064386 
0.160012 0.209604 0.259195 0.308787 0.358378 0.40797 0.457561 0.507153 0.556744 0.606336 0.655927 0.705519 0.75511 0.804702 0.854293 0.903885 0.953477 1.003068 1.05266 1.102251 1.151843 
0.247469 0.297061 0.346652 0.396244 0.445835 0.495427 0.545018 0.59461 0.644201 0.693793 0.743384 0.792976 0.842567 0.892159 0.94175 0.991342 1.040933 1.090525 1.140117 1.189708 1.2393 
0.334926 0.384518 0.434109 0.483701 0.533292 0.582884 0.632475 0.682067 0.731658 0.78125 0.830841 0.880433 0.930024 0.979616 1.029207 1.078799 1.12839 1.177982 1.227574 1.277165 1.326757 
0.422383 0.471975 0.521566 0.571158 0.620749 0.670341 0.719932 0.769524 0.819115 0.868707 0.918298 0.96789 1.017481 1.067073 1.116664 1.166256 1.215847 1.265439 1.315031 1.364622 1.414214 
