-0.147156 -0.023647 0.174188 0.335032 0.477943 0.670493 0.848789 0.999224 1.137751 1.26262 1.379457 1.480679 1.571803 1.633612 
-0.279291 -0.153157 0.08093 0.274453 0.419966 0.606641 0.785619 0.938139 1.081528 1.21747 1.360542 1.495132 1.608796 1.667819 
-0.478323 -0.372488 -0.119416 0.111523 0.242878 0.401875 0.571496 0.717936 0.861663 0.999919 1.157971 1.407507 1.639229 1.702814 
-0.659487 -0.560272 -0.280695 -0.030131 0.142155 0.328292 0.510128 0.657027 0.803652 0.9417 1.053877 1.242411 1.58808 1.710507 
-0.760614 -0.631244 -0.365715 -0.151283 0.046492 0.263045 0.461366 0.611666 0.777226 0.961877 1.085448 1.212065 1.501254 1.685997 
-0.774587 -0.642246 -0.452186 -0.266941 -0.051507 0.149371 0.321562 0.465106 0.609484 0.877283 1.099312 1.216803 1.456443 1.650927 
-0.806978 -0.700131 -0.530633 -0.331254 -0.10654 0.088979 0.264442 0.424931 0.53379 0.69564 1.003424 1.191993 1.422865 1.600909 
-0.927684 -0.822918 -0.594306 -0.405798 -0.224519 -0.014719 0.192216 0.412919 0.542027 0.643026 0.887625 1.121354 1.357461 1.517826 
-1.079816 -0.976299 -0.709906 -0.548295 -0.407907 -0.232207 -0.032743 0.313686 0.519529 0.630546 0.835996 1.03097 1.261217 1.41865 
-1.217253 -1.089948 -0.836216 -0.688852 -0.549178 -0.414163 -0.234098 0.189952 0.442825 0.597489 0.780584 0.93064 1.14438 1.292415 
-1.342119 -1.196463 -0.967203 -0.815686 -0.614635 -0.504194 -0.359303 0.079985 0.359663 0.529791 0.68281 0.826968 1.029078 1.146103 
-1.437469 -1.281415 -1.080131 -0.955357 -0.687645 -0.557698 -0.455004 -0.106287 0.214622 0.415352 0.578595 0.736209 0.921234 1.023134 
-1.524392 -1.354241 -1.147778 -1.055976 -0.798772 -0.575614 -0.453406 -0.218068 0.047797 0.26532 0.464374 0.642535 0.819183 0.918244 
-1.611157 -1.445444 -1.192929 -1.11177 -0.942462 -0.621582 -0.437801 -0.276421 -0.096276 0.092821 0.269115 0.470675 0.720897 0.839735 
-1.671393 -1.539955 -1.225387 -1.120948 -1.029942 -0.797066 -0.559215 -0.397268 -0.254079 -0.07322 0.099096 0.304885 0.608145 0.736572 
-1.700512 -1.619165 -1.29358 -1.11557 -1.023308 -0.885816 -0.716231 -0.537766 -0.365997 -0.191308 -0.021619 0.203945 0.494955 0.595559 
-1.699025 -1.651038 -1.45168 -1.20635 -1.041759 -0.900957 -0.768405 -0.621834 -0.460115 -0.303672 -0.146807 0.0837 0.332684 0.437307 
-1.675046 -1.625859 -1.528203 -1.394082 -1.221957 -1.041639 -0.893706 -0.753816 -0.604272 -0.452318 -0.278244 -0.074797 0.132523 0.262968 
-1.64658 -1.591101 -1.517757 -1.433771 -1.319543 -1.167152 -1.012151 -0.855192 -0.687281 -0.515863 -0.33181 -0.150366 0.022435 0.144332 
