-1.681098 -1.672627 -1.649585 -1.620112 -1.577761 -1.506022 -1.426864 -1.342021 -1.245408 -1.138781 -1.017977 -0.888462 -0.741436 -0.625336 
-1.674157 -1.669066 -1.643282 -1.594365 -1.523411 -1.434157 -1.354869 -1.27371 -1.178912 -1.069266 -0.951252 -0.81843 -0.64231 -0.522368 
-1.651525 -1.639818 -1.553926 -1.393689 -1.269739 -1.180832 -1.105054 -1.025075 -0.925501 -0.813443 -0.725963 -0.628583 -0.459163 -0.377781 
-1.609467 -1.554146 -1.358693 -1.219338 -1.166933 -1.1092 -1.03458 -0.950625 -0.840261 -0.701795 -0.562638 -0.411553 -0.261073 -0.217302 
-1.530319 -1.416918 -1.244971 -1.180976 -1.135115 -1.05376 -0.956589 -0.862194 -0.755159 -0.597624 -0.419755 -0.25817 -0.103862 -0.03852 
-1.325062 -1.243673 -1.168609 -1.099939 -0.958005 -0.796019 -0.676288 -0.573819 -0.492858 -0.39065 -0.24098 -0.118393 0.025207 0.119164 
-1.110764 -1.110571 -1.052549 -0.900027 -0.756354 -0.669037 -0.578627 -0.462602 -0.350245 -0.225663 -0.072413 0.035515 0.178136 0.282907 
-1.006226 -0.999595 -0.870859 -0.735003 -0.682872 -0.624964 -0.527481 -0.383487 -0.241171 -0.10994 0.070223 0.2122 0.363858 0.469308 
-0.901965 -0.842591 -0.682818 -0.628187 -0.576674 -0.445947 -0.325751 -0.164541 -0.04049 0.063829 0.249177 0.380922 0.521825 0.62308 
-0.779669 -0.687386 -0.554319 -0.525292 -0.392612 -0.196915 -0.101465 0.076071 0.192354 0.312783 0.457723 0.527823 0.662499 0.76632 
-0.644815 -0.546313 -0.424527 -0.376913 -0.170869 -0.015271 0.056021 0.232832 0.386036 0.532851 0.61833 0.68534 0.840894 0.918202 
-0.516959 -0.411331 -0.26869 -0.163457 0.049602 0.155862 0.243923 0.452601 0.610907 0.685196 0.746679 0.879144 1.026769 1.063746 
-0.368514 -0.266895 -0.102514 0.024488 0.178497 0.289372 0.409129 0.591824 0.716459 0.785955 0.907913 1.085322 1.233447 1.317282 
-0.195256 -0.114477 0.062112 0.172523 0.272959 0.405743 0.529792 0.66014 0.787497 0.958831 1.129929 1.249341 1.426237 1.549744 
-0.013848 0.044404 0.217335 0.321822 0.434078 0.599404 0.718408 0.845492 1.002254 1.150331 1.226486 1.309238 1.521783 1.63789 
0.169511 0.2244 0.368313 0.462734 0.589205 0.759572 0.899508 1.020825 1.12063 1.192555 1.24619 1.369973 1.604214 1.685039 
0.325863 0.410533 0.561705 0.642864 0.743506 0.872505 0.9821 1.077822 1.163769 1.240528 1.35238 1.551713 1.688109 1.71481 
0.470725 0.594303 0.767271 0.893688 0.988531 1.07453 1.158651 1.249225 1.353332 1.462829 1.590314 1.685938 1.721847 1.728908 
0.582256 0.709348 0.851591 0.971468 1.088039 1.20728 1.315009 1.414614 1.511543 1.592319 1.659471 1.70335 1.725599 1.733373 
