-0.100000000000000	0.100000000000000
1	-0.100000000000000
2.10000000000000	1
2.10000000000000	2.10000000000000
1	2.10000000000000
-0.100000000000000	1
0.100000000000000	-0.100000000000000
1.20000000000000	0.100000000000000
2.10000000000000	1.20000000000000
1.90000000000000	2.10000000000000
0.800000000000000	1.90000000000000
-0.100000000000000	0.800000000000000
0.300000000000000	-0.100000000000000
1.40000000000000	0.300000000000000
2.10000000000000	1.40000000000000
1.70000000000000	2.10000000000000
0.600000000000000	1.70000000000000
-0.100000000000000	0.600000000000000
0.500000000000000	-0.100000000000000
1.60000000000000	0.500000000000000
2.10000000000000	1.60000000000000
1.50000000000000	2.10000000000000
0.399999999999999	1.50000000000000
-0.100000000000000	0.399999999999999
0.700000000000001	-0.100000000000000
1.80000000000000	0.700000000000001
2.10000000000000	1.80000000000000
1.30000000000000	2.10000000000000
0.199999999999999	1.30000000000000
-0.100000000000000	0.199999999999999
0.900000000000001	-0.100000000000000
2.00000000000000	0.900000000000001
2.10000000000000	2.00000000000000
1.10000000000000	2.10000000000000
-8.88178419700125e-16	1.10000000000000
-0.0999999999999983	-8.88178419700125e-16
1.10000000000000	-0.0999999999999983
2.20000000000000	1.10000000000000
2.10000000000000	2.20000000000000
0.900000000000001	2.10000000000000
-0.199999999999998	0.900000000000001
0.299999999999997	-0.199999999999998
1.49999999999999	0.299999999999997
2.20000000000000	1.49999999999999
1.70000000000000	2.20000000000000
0.500000000000006	1.70000000000000
-0.199999999999998	0.500000000000006
0.699999999999992	-0.199999999999998
1.89999999999999	0.699999999999992
2.20000000000000	1.89999999999999
1.30000000000001	2.20000000000000
0.100000000000011	1.30000000000001
-0.199999999999998	0.100000000000011
1.09999999999999	-0.199999999999998
2.29999999999998	1.09999999999999
2.20000000000000	2.29999999999998
0.900000000000013	2.20000000000000
-0.299999999999984	0.900000000000013
0.399999999999971	-0.299999999999984
1.69999999999996	0.399999999999971
2.29999999999998	1.69999999999996
1.60000000000003	2.29999999999998
0.300000000000045	1.60000000000003
-0.299999999999984	0.300000000000045
0.999999999999940	-0.299999999999984
2.29999999999992	0.999999999999940
2.29999999999998	2.29999999999992
1.00000000000006	2.29999999999998
-0.299999999999924	1.00000000000006
0.299999999999864	-0.299999999999924
1.59999999999979	0.299999999999864
2.29999999999992	1.59999999999979
1.70000000000014	2.29999999999992
0.400000000000213	1.70000000000014
-0.299999999999924	0.400000000000213
0.899999999999711	-0.299999999999924
2.19999999999964	0.899999999999711
2.29999999999992	2.19999999999964
1.10000000000029	2.29999999999992
-0.199999999999635	1.10000000000029
0.0999999999993464	-0.199999999999635
1.29999999999898	0.0999999999993464
2.19999999999964	1.29999999999898
1.90000000000065	2.19999999999964
0.700000000001019	1.90000000000065
-0.199999999999635	0.700000000001019
0.499999999998617	-0.199999999999635
1.69999999999825	0.499999999998617
2.19999999999964	1.69999999999825
1.50000000000138	2.19999999999964
0.300000000001748	1.50000000000138
-0.199999999999635	0.300000000001748
0.899999999997887	-0.199999999999635
2.09999999999752	0.899999999997887
2.19999999999964	2.09999999999752
1.10000000000211	2.19999999999964
-0.0999999999975221	1.10000000000211
-4.59099425142995e-12	-0.0999999999975221
1.10000000000211	-4.59099425142995e-12
2.10000000000670	1.10000000000211
2.00000000000459	2.10000000000670
0.899999999997887	2.00000000000459
-0.100000000006704	0.899999999997887
0.200000000008817	-0.100000000006704
1.30000000001552	0.200000000008817
2.10000000000670	1.30000000001552
1.79999999999118	2.10000000000670
0.699999999984479	1.79999999999118
-0.100000000006704	0.699999999984479
0.400000000022225	-0.100000000006704
1.50000000002893	0.400000000022225
2.10000000000670	1.50000000002893
1.59999999997777	2.10000000000670
0.499999999971071	1.59999999997777
-0.100000000006704	0.499999999971071
0.600000000035633	-0.100000000006704
1.70000000004234	0.600000000035633
2.10000000000670	1.70000000004234
1.39999999996437	2.10000000000670
0.299999999957663	1.39999999996437
-0.100000000006704	0.299999999957663
0.800000000049042	-0.100000000006704
1.90000000005575	0.800000000049042
2.10000000000670	1.90000000005575
1.19999999995096	2.10000000000670
0.0999999999442545	1.19999999995096
-0.100000000006704	0.0999999999442545
1.00000000006245	-0.100000000006704
2.10000000006915	1.00000000006245
2.10000000000670	2.10000000006915
0.999999999937550	2.10000000000670
-0.100000000069154	0.999999999937550
0.100000000131603	-0.100000000069154
1.20000000020076	0.100000000131603
2.10000000006915	1.20000000020076
1.89999999986840	2.10000000006915
0.799999999799243	1.89999999986840
-0.100000000069154	0.799999999799243
0.300000000269911	-0.100000000069154
1.40000000033906	0.300000000269911
2.10000000006915	1.40000000033906
1.69999999973009	2.10000000006915
0.599999999660936	1.69999999973009
-0.100000000069154	0.599999999660936
0.500000000408218	-0.100000000069154
1.60000000047737	0.500000000408218
2.10000000006915	1.60000000047737
1.49999999959178	2.10000000006915
0.399999999522628	1.49999999959178
-0.100000000069154	0.399999999522628
0.700000000546525	-0.100000000069154
1.80000000061568	0.700000000546525
2.10000000006915	1.80000000061568
1.29999999945347	2.10000000006915
0.199999999384321	1.29999999945347
-0.100000000069154	0.199999999384321
0.900000000684833	-0.100000000069154
2.00000000075399	0.900000000684833
2.10000000006915	2.00000000075399
1.09999999931517	2.10000000006915
-7.53986206802892e-10	1.09999999931517
-0.0999999985611813	-7.53986206802892e-10
1.09999999931517	-0.0999999985611813
2.19999999787635	1.09999999931517
2.09999999856118	2.19999999787635
0.900000000684833	2.09999999856118
-0.199999997876349	0.900000000684833
0.299999997191516	-0.199999997876349
1.49999999506786	0.299999997191516
2.19999999787635	1.49999999506786
1.70000000280848	2.19999999787635
0.500000004932135	1.70000000280848
-0.199999997876349	0.500000004932135
0.699999992944214	-0.199999997876349
1.89999999082056	0.699999992944214
2.19999999787635	1.89999999082056
1.30000000705579	2.19999999787635
0.100000009179438	1.30000000705579
-0.199999997876349	0.100000009179438
1.09999998869691	-0.199999997876349
2.29999998657326	1.09999998869691
2.19999999787635	2.29999998657326
0.900000011303089	2.19999999787635
-0.299999986573260	0.900000011303089
0.399999975270171	-0.299999986573260
1.69999996184343	0.399999975270171
2.29999998657326	1.69999996184343
1.60000002472983	2.29999998657326
0.300000038156570	1.60000002472983
-0.299999986573260	0.300000038156570
0.999999948416690	-0.299999986573260
2.29999993498995	0.999999948416690
2.29999998657326	2.29999993498995
1.00000005158331	2.29999998657326
-0.299999934989950	1.00000005158331
0.299999883406640	-0.299999934989950
1.59999981839659	0.299999883406640
2.29999993498995	1.59999981839659
1.70000011659336	2.29999993498995
0.400000181603411	1.70000011659336
-0.299999934989950	0.400000181603411
0.899999753386539	-0.299999934989950
2.19999968837649	0.899999753386539
2.29999993498995	2.19999968837649
1.10000024661346	2.29999993498995
-0.199999688376488	1.10000024661346
0.0999994417630270	-0.199999688376488
1.29999913013952	0.0999994417630270
2.19999968837649	1.29999913013952
1.90000055823697	2.19999968837649
0.700000869860485	1.90000055823697
-0.199999688376488	0.700000869860485
0.499998818516004	-0.199999688376488
1.69999850689249	0.499998818516004
2.19999968837649	1.69999850689249
1.50000118148400	2.19999968837649
0.300001493107508	1.50000118148400
-0.199999688376488	0.300001493107508
0.899998195268980	-0.199999688376488
2.09999788364547	0.899998195268980
2.19999968837649	2.09999788364547
1.10000180473102	2.19999968837649
-0.0999978836454685	1.10000180473102
-3.92108555136161e-06	-0.0999978836454685
1.10000180473102	-3.92108555136161e-06
2.10000572581657	1.10000180473102
2.00000392108555	2.10000572581657
0.899998195268980	2.00000392108555
-0.100005725816571	0.899998195268980
0.200007530547591	-0.100005725816571
1.30001325636416	0.200007530547591
2.10000572581657	1.30001325636416
1.79999246945241	2.10000572581657
0.699986743635838	1.79999246945241
-0.100005725816571	0.699986743635838
0.400018982180733	-0.100005725816571
1.50002470799730	0.400018982180733
2.10000572581657	1.50002470799730
1.59998101781927	2.10000572581657
0.499975292002695	1.59998101781927
-0.100005725816571	0.499975292002695
0.600030433813876	-0.100005725816571
1.70003615963045	0.600030433813876
2.10000572581657	1.70003615963045
1.39996956618612	2.10000572581657
0.299963840369553	1.39996956618612
-0.100005725816571	0.299963840369553
0.800041885447018	-0.100005725816571
1.90004761126359	0.800041885447018
2.10000572581657	1.90004761126359
1.19995811455298	2.10000572581657
0.0999523887364107	1.19995811455298
-0.100005725816571	0.0999523887364107
1.00005333708016	-0.100005725816571
2.10005906289673	1.00005333708016
2.10000572581657	2.10005906289673
0.999946662919840	2.10000572581657
-0.100059062896732	0.999946662919840
0.100112399976892	-0.100059062896732
1.20017146287362	0.100112399976892
2.10005906289673	1.20017146287362
1.89988760002311	2.10005906289673
0.799828537126376	1.89988760002311
-0.100059062896732	0.799828537126376
0.300230525770356	-0.100059062896732
1.40028958866709	0.300230525770356
2.10005906289673	1.40028958866709
1.69976947422964	2.10005906289673
0.599710411332913	1.69976947422964
-0.100059062896732	0.599710411332913
0.500348651563819	-0.100059062896732
1.60040771446055	0.500348651563819
2.10005906289673	1.60040771446055
1.49965134843618	2.10005906289673
0.399592285539449	1.49965134843618
-0.100059062896732	0.399592285539449
0.700466777357283	-0.100059062896732
1.80052584025401	0.700466777357283
2.10005906289673	1.80052584025401
1.29953322264272	2.10005906289673
0.199474159745986	1.29953322264272
-0.100059062896732	0.199474159745986
0.900584903150746	-0.100059062896732
2.00064396604748	0.900584903150746
2.10005906289673	2.00064396604748
1.09941509684925	2.10005906289673
-0.000643966047477740	1.09941509684925
-0.0987711308017762	-0.000643966047477740
1.09941509684925	-0.0987711308017762
2.19818622765103	1.09941509684925
2.09877113080178	2.19818622765103
0.900584903150746	2.09877113080178
-0.198186227651030	0.900584903150746
0.297601324500284	-0.198186227651030
1.49578755215131	0.297601324500284
2.19818622765103	1.49578755215131
1.70239867549972	2.19818622765103
0.504212447848686	1.70239867549972
-0.198186227651030	0.504212447848686
0.693973779802345	-0.198186227651030
1.89216000745337	0.693973779802345
2.19818622765103	1.89216000745337
1.30602622019766	2.19818622765103
0.107839992546625	1.30602622019766
-0.198186227651030	0.107839992546625
1.09034623510441	-0.198186227651030
2.28853246275544	1.09034623510441
2.19818622765103	2.28853246275544
0.909653764895595	2.19818622765103
-0.288532462755435	0.909653764895595
0.378878697859840	-0.288532462755435
1.66741116061528	0.378878697859840
2.28853246275544	1.66741116061528
1.62112130214016	2.28853246275544
0.332588839384724	1.62112130214016
-0.288532462755435	0.332588839384724
0.955943623370711	-0.288532462755435
2.24447608612615	0.955943623370711
2.28853246275544	2.24447608612615
1.04405637662929	2.28853246275544
-0.244476086126146	1.04405637662929
0.200419709496857	-0.244476086126146
1.44489579562300	0.200419709496857
2.24447608612615	1.44489579562300
1.79958029050314	2.24447608612615
0.555104204376996	1.79958029050314
-0.244476086126146	0.555104204376996
0.689371881749150	-0.244476086126146
1.93384796787530	0.689371881749150
2.24447608612615	1.93384796787530
1.31062811825085	2.24447608612615
0.0661520321247036	1.31062811825085
-0.244476086126146	0.0661520321247036
1.17832405400144	-0.244476086126146
2.42280014012759	1.17832405400144
2.24447608612615	2.42280014012759
0.821675945998557	2.24447608612615
-0.422800140127589	0.821675945998557
0.601124194129032	-0.422800140127589
2.02392433425662	0.601124194129032
2.42280014012759	2.02392433425662
1.39887580587097	2.42280014012759
-0.0239243342566211	1.39887580587097
-0.374951471614347	-0.0239243342566211
1.39887580587097	-0.374951471614347
2.77382727748532	1.39887580587097
2.37495147161435	2.77382727748532
0.601124194129032	2.37495147161435
-0.773827277485315	0.601124194129032
1.17270308335628	-0.773827277485315
2.94653036084160	1.17270308335628
2.77382727748532	2.94653036084160
0.827296916643717	2.77382727748532
-0.946530360841598	0.827296916643717
1.11923344419788	-0.946530360841598
3.06576380503948	1.11923344419788
2.94653036084160	3.06576380503948
0.880766555802119	2.94653036084160
-1.06576380503948	0.880766555802119
1.18499724923736	-1.06576380503948
3.25076105427684	1.18499724923736
3.06576380503948	3.25076105427684
0.815002750762640	3.06576380503948
-1.25076105427684	0.815002750762640
1.43575830351420	-1.25076105427684
3.68651935779104	1.43575830351420
3.25076105427684	3.68651935779104
0.564241696485801	3.25076105427684
-1.68651935779104	0.564241696485801
2.12227766130524	-1.68651935779104
4.80879701909628	2.12227766130524
3.68651935779104	4.80879701909628
-0.122277661305238	3.68651935779104
-2.56424169648580	-0.122277661305238
3.68651935779104	-2.56424169648580
7.25076105427684	3.68651935779104
4.56424169648580	7.25076105427684
-1.68651935779104	4.56424169648580
-1.87772233869476	-1.68651935779104
4.56424169648580	-1.87772233869476
7.44196403518057	4.56424169648580
3.87772233869476	7.44196403518057
-2.56424169648580	3.87772233869476
-0.313480642208962	-2.56424169648580
3.87772233869476	-0.313480642208962
5.19120298090373	3.87772233869476
2.31348064220896	5.19120298090373
-1.87772233869476	2.31348064220896
0.564241696485802	-1.87772233869476
3.44196403518056	0.564241696485802
3.87772233869476	3.44196403518056
1.43575830351420	3.87772233869476
-1.44196403518056	1.43575830351420
1.00620573166637	-1.44196403518056
3.44816976684693	1.00620573166637
3.44196403518056	3.44816976684693
0.993794268333634	3.44196403518056
-1.44816976684693	0.993794268333634
1.45437549851330	-1.44816976684693
3.90254526536023	1.45437549851330
3.44816976684693	3.90254526536023
0.545624501486703	3.44816976684693
-1.90254526536023	0.545624501486703
2.35692076387353	-1.90254526536023
5.25946602923375	2.35692076387353
3.90254526536023	5.25946602923375
-0.356920763873525	3.90254526536023
-2.54562450148670	-0.356920763873525
3.90254526536023	-2.54562450148670
7.44816976684693	3.90254526536023
4.54562450148670	7.44816976684693
-1.90254526536023	4.54562450148670
-1.64307923612648	-1.90254526536023
4.54562450148670	-1.64307923612648
7.18870373761318	4.54562450148670
3.64307923612648	7.18870373761318
-2.54562450148670	3.64307923612648
-0.0974547346397721	-2.54562450148670
3.64307923612648	-0.0974547346397721
4.74053397076625	3.64307923612648
2.09745473463977	4.74053397076625
-1.64307923612648	2.09745473463977
0.545624501486703	-1.64307923612648
3.18870373761318	0.545624501486703
3.64307923612648	3.18870373761318
1.45437549851330	3.64307923612648
-1.18870373761318	1.45437549851330
0.734328239099881	-1.18870373761318
2.92303197671306	0.734328239099881
3.18870373761318	2.92303197671306
1.26567176090012	3.18870373761318
-0.923031976713059	1.26567176090012
0.657360215812940	-0.923031976713059
2.58039219252600	0.657360215812940
2.92303197671306	2.58039219252600
1.34263978418706	2.92303197671306
-0.580392192525999	1.34263978418706
0.237752408338938	-0.580392192525999
1.81814460086494	0.237752408338938
2.58039219252600	1.81814460086494
1.76224759166106	2.58039219252600
0.181855399135063	1.76224759166106
-0.580392192525999	0.181855399135063
1.39853679339094	-0.580392192525999
2.97892898591693	1.39853679339094
2.58039219252600	2.97892898591693
0.601463206609065	2.58039219252600
-0.978928985916934	0.601463206609065
1.37746577930787	-0.978928985916934
3.35639476522480	1.37746577930787
2.97892898591693	3.35639476522480
0.622534220692131	2.97892898591693
-1.35639476522480	0.622534220692131
1.73386054453267	-1.35639476522480
4.09025530975747	1.73386054453267
3.35639476522480	4.09025530975747
0.266139455467329	3.35639476522480
-2.09025530975747	0.266139455467329
2.82411585429015	-2.09025530975747
5.91437116404762	2.82411585429015
4.09025530975747	5.91437116404762
-0.824115854290145	4.09025530975747
-2.26613945546733	-0.824115854290145
4.09025530975747	-2.26613945546733
7.35639476522480	4.09025530975747
4.26613945546733	7.35639476522480
-2.09025530975747	4.26613945546733
-1.17588414570985	-2.09025530975747
4.26613945546733	-1.17588414570985
6.44202360117718	4.26613945546733
3.17588414570985	6.44202360117718
-2.26613945546733	3.17588414570985
0.0902553097574739	-2.26613945546733
3.35639476522480	0.0902553097574739
4.26613945546733	3.35639476522480
1.90974469024253	4.26613945546733
-1.35639476522480	1.90974469024253
0.446650074982276	-1.35639476522480
2.80304484020708	0.446650074982276
3.35639476522480	2.80304484020708
1.55334992501772	3.35639476522480
-0.803044840207079	1.55334992501772
0.249694915189355	-0.803044840207079
2.05273975539643	0.249694915189355
2.80304484020708	2.05273975539643
1.75030508481064	2.80304484020708
-0.0527397553964342	1.75030508481064
-0.697565329414211	-0.0527397553964342
1.75030508481064	-0.697565329414211
3.44787041422486	1.75030508481064
2.69756532941421	3.44787041422486
0.249694915189355	2.69756532941421
-1.44787041422486	0.249694915189355
2.19817549903550	-1.44787041422486
4.64604591326036	2.19817549903550
3.44787041422486	4.64604591326036
-0.198175499035500	3.44787041422486
-2.24969491518936	-0.198175499035500
3.44787041422486	-2.24969491518936
6.69756532941421	3.44787041422486
4.24969491518936	6.69756532941421
-1.44787041422486	4.24969491518936
-1.80182450096450	-1.44787041422486
4.24969491518936	-1.80182450096450
7.05151941615386	4.24969491518936
3.80182450096450	7.05151941615386
-2.24969491518936	3.80182450096450
-0.552129585775145	-2.24969491518936
3.80182450096450	-0.552129585775145
5.35395408673965	3.80182450096450
2.55212958577514	5.35395408673965
-1.80182450096450	2.55212958577514
0.249694915189355	-1.80182450096450
3.05151941615386	0.249694915189355
3.80182450096450	3.05151941615386
1.75030508481064	3.80182450096450
-1.05151941615386	1.75030508481064
0.301214331343211	-1.05151941615386
2.35273374749707	0.301214331343211
3.05151941615386	2.35273374749707
1.69878566865679	3.05151941615386
-0.352733747497066	1.69878566865679
-0.346051921159724	-0.352733747497066
1.69878566865679	-0.346051921159724
3.04483758981651	1.69878566865679
2.34605192115972	3.04483758981651
0.301214331343211	2.34605192115972
-1.04483758981651	0.301214331343211
1.74362325847330	-1.04483758981651
3.78846084828982	1.74362325847330
3.04483758981651	3.78846084828982
0.256376741526697	3.04483758981651
-1.78846084828982	0.256376741526697
2.53208410676312	-1.78846084828982
5.32054495505293	2.53208410676312
3.78846084828982	5.32054495505293
-0.532084106763119	3.78846084828982
-2.25637674152670	-0.532084106763119
3.78846084828982	-2.25637674152670
7.04483758981651	3.78846084828982
4.25637674152670	7.04483758981651
-1.78846084828982	4.25637674152670
-1.46791589323688	-1.78846084828982
4.25637674152670	-1.46791589323688
6.72429263476358	4.25637674152670
3.46791589323688	6.72429263476358
-2.25637674152670	3.46791589323688
-0.211539151710184	-2.25637674152670
3.46791589323688	-0.211539151710184
4.67945504494707	3.46791589323688
2.21153915171018	4.67945504494707
-1.46791589323688	2.21153915171018
0.256376741526697	-1.46791589323688
2.72429263476358	0.256376741526697
3.46791589323688	2.72429263476358
1.74362325847330	3.46791589323688
-0.724292634763579	1.74362325847330
-0.0193306237097239	-0.724292634763579
1.74362325847330	-0.0193306237097239
2.76295388218303	1.74362325847330
2.01933062370972	2.76295388218303
0.256376741526697	2.01933062370972
-0.762953882183027	0.256376741526697
1.50657714065633	-0.762953882183027
3.26953102283936	1.50657714065633
2.76295388218303	3.26953102283936
0.493422859343671	2.76295388218303
-1.26953102283936	0.493422859343671
1.77610816349569	-1.26953102283936
4.04563918633504	1.77610816349569
3.26953102283936	4.04563918633504
0.223891836504315	3.26953102283936
-2.04563918633504	0.223891836504315
2.82174734983073	-2.04563918633504
5.86738653616577	2.82174734983073
4.04563918633504	5.86738653616577
-0.821747349830726	4.04563918633504
-2.22389183650431	-0.821747349830726
4.04563918633504	-2.22389183650431
7.26953102283936	4.04563918633504
4.22389183650432	7.26953102283936
-2.04563918633504	4.22389183650432
-1.17825265016927	-2.04563918633504
4.22389183650432	-1.17825265016927
6.40214448667359	4.22389183650432
3.17825265016927	6.40214448667359
-2.22389183650431	3.17825265016927
0.0456391863350412	-2.22389183650431
3.26953102283936	0.0456391863350412
4.22389183650432	3.26953102283936
1.95436081366496	4.22389183650432
-1.26953102283936	1.95436081366496
0.315170209174397	-1.26953102283936
2.58470123201375	0.315170209174397
3.26953102283936	2.58470123201375
1.68482979082560	3.26953102283936
-0.584701232013753	1.68482979082560
-0.100128558811850	-0.584701232013753
1.68482979082560	-0.100128558811850
2.78495834963745	1.68482979082560
2.10012855881185	2.78495834963745
0.315170209174397	2.10012855881185
-0.784958349637453	0.315170209174397
1.46978814046306	-0.784958349637453
3.25474649010051	1.46978814046306
2.78495834963745	3.25474649010051
0.530211859536944	2.78495834963745
-1.25474649010051	0.530211859536944
1.72453463056356	-1.25474649010051
3.97928112066407	1.72453463056356
3.25474649010051	3.97928112066407
0.275465369436436	3.25474649010051
-1.97928112066407	0.275465369436436
2.70381575122764	-1.97928112066407
5.68309687189171	2.70381575122764
3.97928112066407	5.68309687189171
-0.703815751227637	3.97928112066407
-2.27546536943644	-0.703815751227637
3.97928112066407	-2.27546536943644
7.25474649010051	3.97928112066407
4.27546536943644	7.25474649010051
-1.97928112066407	4.27546536943644
-1.29618424877236	-1.97928112066407
4.27546536943644	-1.29618424877236
6.57164961820880	4.27546536943644
3.29618424877236	6.57164961820880
-2.27546536943644	3.29618424877236
-0.0207188793359272	-2.27546536943644
3.29618424877236	-0.0207188793359272
4.31690312810829	3.29618424877236
2.02071887933593	4.31690312810829
-1.29618424877236	2.02071887933593
0.275465369436436	-1.29618424877236
2.57164961820880	0.275465369436436
3.29618424877236	2.57164961820880
1.72453463056356	3.29618424877236
-0.571649618208799	1.72453463056356
-0.152885012354766	-0.571649618208799
1.72453463056356	-0.152885012354766
2.87741964291833	1.72453463056356
2.15288501235477	2.87741964291833
0.275465369436436	2.15288501235477
-0.877419642918330	0.275465369436436
1.60195427348189	-0.877419642918330
3.47937391640022	1.60195427348189
2.87741964291833	3.47937391640022
0.398045726518106	2.87741964291833
-1.47937391640022	0.398045726518106
2.08132818988212	-1.47937391640022
4.56070210628234	2.08132818988212
3.47937391640022	4.56070210628234
-0.0813281898821181	3.47937391640022
-2.39804572651811	-0.0813281898821181
3.47937391640022	-2.39804572651811
6.87741964291833	3.47937391640022
4.39804572651811	6.87741964291833
-1.47937391640022	4.39804572651811
-1.91867181011788	-1.47937391640022
4.39804572651811	-1.91867181011788
7.31671753663599	4.39804572651811
3.91867181011788	7.31671753663599
-2.39804572651811	3.91867181011788
-0.520626083599776	-2.39804572651811
3.91867181011788	-0.520626083599776
5.43929789371766	3.91867181011788
2.52062608359978	5.43929789371766
-1.91867181011788	2.52062608359978
0.398045726518106	-1.91867181011788
3.31671753663599	0.398045726518106
3.91867181011788	3.31671753663599
1.60195427348189	3.91867181011788
-1.31671753663599	1.60195427348189
0.714763263154094	-1.31671753663599
3.03148079979008	0.714763263154094
3.31671753663599	3.03148079979008
1.28523673684591	3.31671753663599
-1.03148079979008	1.28523673684591
0.746244062944175	-1.03148079979008
2.77772486273426	0.746244062944175
3.03148079979008	2.77772486273426
1.25375593705582	3.03148079979008
-0.777724862734257	1.25375593705582
0.523968925678432	-0.777724862734257
2.30169378841269	0.523968925678432
2.77772486273426	2.30169378841269
1.47603107432157	2.77772486273426
-0.301693788412688	1.47603107432157
-0.174337285908880	-0.301693788412688
1.47603107432157	-0.174337285908880
2.65036836023045	1.47603107432157
2.17433728590888	2.65036836023045
0.523968925678432	2.17433728590888
-0.650368360230448	0.523968925678432
1.12639943455202	-0.650368360230448
2.77676779478247	1.12639943455202
2.65036836023045	2.77676779478247
0.873600565447983	2.65036836023045
-0.776767794782465	0.873600565447983
0.903167229334482	-0.776767794782465
2.67993502411695	0.903167229334482
2.77676779478247	2.67993502411695
1.09683277066552	2.77676779478247
-0.679935024116947	1.09683277066552
0.583102253451429	-0.679935024116947
2.26303727756838	0.583102253451429
2.67993502411695	2.26303727756838
1.41689774654857	2.67993502411695
-0.263037277568376	1.41689774654857
-0.153860468980195	-0.263037277568376
1.41689774654857	-0.153860468980195
2.57075821552877	1.41689774654857
2.15386046898020	2.57075821552877
0.583102253451429	2.15386046898020
-0.570758215528766	0.583102253451429
0.987655962077337	-0.570758215528766
2.55841417760610	0.987655962077337
2.57075821552877	2.55841417760610
1.01234403792266	2.57075821552877
-0.558414177606103	1.01234403792266
0.546070139683440	-0.558414177606103
2.10448431728954	0.546070139683440
2.55841417760610	2.10448431728954
1.45392986031656	2.55841417760610
-0.104484317289543	1.45392986031656
-0.349445543027016	-0.104484317289543
1.45392986031656	-0.349445543027016
2.80337540334358	1.45392986031656
2.34944554302702	2.80337540334358
0.546070139683440	2.34944554302702
-0.803375403343576	0.546070139683440
1.25730526366014	-0.803375403343576
3.06068066700371	1.25730526366014
2.80337540334358	3.06068066700371
0.742694736339864	2.80337540334358
-1.06068066700371	0.742694736339864
1.31798593066385	-1.06068066700371
3.37866659766756	1.31798593066385
3.06068066700371	3.37866659766756
0.682014069336152	3.06068066700371
-1.37866659766756	0.682014069336152
1.69665252833141	-1.37866659766756
4.07531912599897	1.69665252833141
3.37866659766756	4.07531912599897
0.303347471668591	3.37866659766756
-2.07531912599897	0.303347471668591
2.77197165433038	-2.07531912599897
5.84729078032935	2.77197165433038
4.07531912599897	5.84729078032935
-0.771971654330379	4.07531912599897
-2.30334747166859	-0.771971654330379
4.07531912599897	-2.30334747166859
7.37866659766756	4.07531912599897
4.30334747166859	7.37866659766756
-2.07531912599897	4.30334747166859
-1.22802834566962	-2.07531912599897
4.30334747166859	-1.22802834566962
6.53137581733821	4.30334747166859
3.22802834566962	6.53137581733821
-2.30334747166859	3.22802834566962
0.0753191259989698	-2.30334747166859
3.37866659766756	0.0753191259989698
4.30334747166859	3.37866659766756
1.92468087400103	4.30334747166859
-1.37866659766756	1.92468087400103
0.453985723666531	-1.37866659766756
2.83265232133409	0.453985723666531
3.37866659766756	2.83265232133409
1.54601427633347	3.37866659766756
-0.832652321334091	1.54601427633347
0.286638045000622	-0.832652321334091
2.11929036633471	0.286638045000622
2.83265232133409	2.11929036633471
1.71336195499938	2.83265232133409
-0.119290366334713	1.71336195499938
-0.594071588664665	-0.119290366334713
1.71336195499938	-0.594071588664665
3.30743354366404	1.71336195499938
2.59407158866467	3.30743354366404
0.286638045000622	2.59407158866467
-1.30743354366404	0.286638045000622
2.02079549866342	-1.30743354366404
4.32822904232746	2.02079549866342
3.30743354366404	4.32822904232746
-0.0207954986634213	3.30743354366404
-2.28663804500062	-0.0207954986634213
3.30743354366404	-2.28663804500062
6.59407158866467	3.30743354366404
4.28663804500062	6.59407158866467
-1.30743354366404	4.28663804500062
-1.97920450133658	-1.30743354366404
4.28663804500062	-1.97920450133658
7.26584254633720	4.28663804500062
3.97920450133658	7.26584254633720
-2.28663804500062	3.97920450133658
-0.692566456335957	-2.28663804500062
3.97920450133658	-0.692566456335957
5.67177095767254	3.97920450133658
2.69256645633596	5.67177095767254
-1.97920450133658	2.69256645633596
0.286638045000622	-1.97920450133658
3.26584254633720	0.286638045000622
3.97920450133658	3.26584254633720
1.71336195499938	3.97920450133658
-1.26584254633720	1.71336195499938
0.552480591337822	-1.26584254633720
2.81832313767502	0.552480591337822
3.26584254633720	2.81832313767502
1.44751940866218	3.26584254633720
-0.818323137675023	1.44751940866218
0.370803729012845	-0.818323137675023
2.18912686668787	0.370803729012845
2.81832313767502	2.18912686668787
1.62919627098715	2.81832313767502
-0.189126866687868	1.62919627098715
-0.440069404299287	-0.189126866687868
1.62919627098715	-0.440069404299287
3.06926567528644	1.62919627098715
2.44006940429929	3.06926567528644
0.370803729012845	2.44006940429929
-1.06926567528644	0.370803729012845
1.69846194627360	-1.06926567528644
3.76772762156004	1.69846194627360
3.06926567528644	3.76772762156004
0.301538053726404	3.06926567528644
-1.76772762156004	0.301538053726404
2.46618956783363	-1.76772762156004
5.23391718939367	2.46618956783363
3.76772762156004	5.23391718939367
-0.466189567833634	3.76772762156004
-2.30153805372640	-0.466189567833634
3.76772762156004	-2.30153805372640
7.06926567528644	3.76772762156004
4.30153805372640	7.06926567528644
-1.76772762156004	4.30153805372640
-1.53381043216637	-1.76772762156004
4.30153805372640	-1.53381043216637
6.83534848589277	4.30153805372640
3.53381043216637	6.83534848589277
-2.30153805372640	3.53381043216637
-0.232272378439962	-2.30153805372640
3.53381043216637	-0.232272378439962
4.76608281060633	3.53381043216637
2.23227237843996	4.76608281060633
-1.53381043216637	2.23227237843996
0.301538053726404	-1.53381043216637
2.83534848589277	0.301538053726404
3.53381043216637	2.83534848589277
1.69846194627360	3.53381043216637
-0.835348485892769	1.69846194627360
0.136886539619173	-0.835348485892769
1.97223502551194	0.136886539619173
2.83534848589277	1.97223502551194
1.86311346038083	2.83534848589277
0.0277649744880577	1.86311346038083
-0.835348485892769	0.0277649744880577
1.80758351140471	-0.835348485892769
3.64293199729748	1.80758351140471
2.83534848589277	3.64293199729748
0.192416488595288	2.83534848589277
-1.64293199729748	0.192416488595288
2.45051550870219	-1.64293199729748
5.09344750599967	2.45051550870219
3.64293199729748	5.09344750599967
-0.450515508702193	3.64293199729748
-2.19241648859529	-0.450515508702193
3.64293199729748	-2.19241648859529
6.83534848589277	3.64293199729748
4.19241648859529	6.83534848589277
-1.64293199729748	4.19241648859529
-1.54948449129781	-1.64293199729748
4.19241648859529	-1.54948449129781
6.74190097989310	4.19241648859529
3.54948449129781	6.74190097989310
-2.19241648859529	3.54948449129781
-0.357068002702519	-2.19241648859529
3.54948449129781	-0.357068002702519
4.90655249400033	3.54948449129781
2.35706800270252	4.90655249400033
-1.54948449129781	2.35706800270252
0.192416488595288	-1.54948449129781
2.74190097989310	0.192416488595288
3.54948449129781	2.74190097989310
1.80758351140471	3.54948449129781
-0.741900979893096	1.80758351140471
-0.0656825315116159	-0.741900979893096
1.80758351140471	-0.0656825315116159
2.87326604291633	1.80758351140471
2.06568253151162	2.87326604291633
0.192416488595288	2.06568253151162
-0.873266042916328	0.192416488595288
1.68084955432104	-0.873266042916328
3.55411559723737	1.68084955432104
2.87326604291633	3.55411559723737
0.319150445678961	2.87326604291633
-1.55411559723737	0.319150445678961
2.23496515155841	-1.55411559723737
4.78908074879577	2.23496515155841
3.55411559723737	4.78908074879577
-0.234965151558406	3.55411559723737
-2.31915044567896	-0.234965151558406
3.55411559723737	-2.31915044567896
6.87326604291633	3.55411559723737
4.31915044567896	6.87326604291633
-1.55411559723737	4.31915044567896
-1.76503484844159	-1.55411559723737
4.31915044567896	-1.76503484844159
7.08418529412056	4.31915044567896
3.76503484844159	7.08418529412056
-2.31915044567896	3.76503484844159
-0.445884402762633	-2.31915044567896
3.76503484844159	-0.445884402762633
5.21091925120423	3.76503484844159
2.44588440276263	5.21091925120423
-1.76503484844159	2.44588440276263
0.319150445678961	-1.76503484844159
3.08418529412056	0.319150445678961
3.76503484844159	3.08418529412056
1.68084955432104	3.76503484844159
-1.08418529412056	1.68084955432104
0.403335739799516	-1.08418529412056
2.48752103392007	0.403335739799516
3.08418529412056	2.48752103392007
1.59666426020048	3.08418529412056
-0.487521033920071	1.59666426020048
-0.109143226280413	-0.487521033920071
1.59666426020048	-0.109143226280413
2.70580748648090	1.59666426020048
2.10914322628041	2.70580748648090
0.403335739799516	2.10914322628041
-0.705807486480897	0.403335739799516
1.30247174668138	-0.705807486480897
3.00827923316228	1.30247174668138
2.70580748648090	3.00827923316228
0.697528253318620	2.70580748648090
-1.00827923316228	0.697528253318620
1.31075097984366	-1.00827923316228
3.31903021300593	1.31075097984366
3.00827923316228	3.31903021300593
0.689249020156343	3.00827923316228
-1.31903021300593	0.689249020156343
1.62978119284959	-1.31903021300593
3.94881140585553	1.62978119284959
3.31903021300593	3.94881140585553
0.370218807150408	3.31903021300593
-1.94881140585553	0.370218807150408
2.57859259870512	-1.94881140585553
5.52740400456064	2.57859259870512
3.94881140585553	5.52740400456064
-0.578592598705118	3.94881140585553
-2.37021880715041	-0.578592598705118
3.94881140585553	-2.37021880715041
7.31903021300593	3.94881140585553
4.37021880715041	7.31903021300593
-1.94881140585553	4.37021880715041
-1.42140740129488	-1.94881140585553
4.37021880715041	-1.42140740129488
6.79162620844529	4.37021880715041
3.42140740129488	6.79162620844529
-2.37021880715041	3.42140740129488
-0.0511885941444739	-2.37021880715041
3.42140740129488	-0.0511885941444739
4.47259599543936	3.42140740129488
2.05118859414447	4.47259599543936
-1.42140740129488	2.05118859414447
0.370218807150408	-1.42140740129488
2.79162620844529	0.370218807150408
3.42140740129488	2.79162620844529
1.62978119284959	3.42140740129488
-0.791626208445290	1.62978119284959
0.161845015595699	-0.791626208445290
1.95347122404099	0.161845015595699
2.79162620844529	1.95347122404099
1.83815498440430	2.79162620844529
0.0465287759590112	1.83815498440430
-0.791626208445290	0.0465287759590112
1.74509743248628	-0.791626208445290
3.53672364093157	1.74509743248628
2.79162620844529	3.53672364093157
0.254902567513721	2.79162620844529
-1.53672364093157	0.254902567513721
2.28182107341785	-1.53672364093157
4.81854471434942	2.28182107341785
3.53672364093157	4.81854471434942
-0.281821073417849	3.53672364093157
-2.25490256751372	-0.281821073417849
3.53672364093157	-2.25490256751372
6.79162620844529	3.53672364093157
4.25490256751372	6.79162620844529
-1.53672364093157	4.25490256751372
-1.71817892658215	-1.53672364093157
4.25490256751372	-1.71817892658215
6.97308149409587	4.25490256751372
3.71817892658215	6.97308149409587
-2.25490256751372	3.71817892658215
-0.463276359068431	-2.25490256751372
3.71817892658215	-0.463276359068431
5.18145528565058	3.71817892658215
2.46327635906843	5.18145528565058
-1.71817892658215	2.46327635906843
0.254902567513721	-1.71817892658215
2.97308149409587	0.254902567513721
3.71817892658215	2.97308149409587
1.74509743248628	3.71817892658215
-0.973081494095872	1.74509743248628
0.227984061609593	-0.973081494095872
2.20106555570547	0.227984061609593
2.97308149409587	2.20106555570547
1.77201593839041	2.97308149409587
-0.201065555705465	1.77201593839041
-0.570950382684941	-0.201065555705465
1.77201593839041	-0.570950382684941
3.34296632107535	1.77201593839041
2.57095038268494	3.34296632107535
0.227984061609593	2.57095038268494
-1.34296632107535	0.227984061609593
2.11498225946576	-1.34296632107535
4.45794858054110	2.11498225946576
3.34296632107535	4.45794858054110
-0.114982259465755	3.34296632107535
-2.22798406160959	-0.114982259465755
3.34296632107535	-2.22798406160959
6.57095038268494	3.34296632107535
4.22798406160959	6.57095038268494
-1.34296632107535	4.22798406160959
-1.88501774053425	-1.34296632107535
4.22798406160959	-1.88501774053425
7.11300180214384	4.22798406160959
3.88501774053425	7.11300180214384
-2.22798406160959	3.88501774053425
-0.657033678924652	-2.22798406160959
3.88501774053425	-0.657033678924652
5.54205141945890	3.88501774053425
2.65703367892465	5.54205141945890
-1.88501774053425	2.65703367892465
0.227984061609593	-1.88501774053425
3.11300180214384	0.227984061609593
3.88501774053425	3.11300180214384
1.77201593839041	3.88501774053425
-1.11300180214384	1.77201593839041
0.340985863753431	-1.11300180214384
2.45398766589727	0.340985863753431
3.11300180214384	2.45398766589727
1.65901413624657	3.11300180214384
-0.453987665897269	1.65901413624657
-0.205026470349299	-0.453987665897269
1.65901413624657	-0.205026470349299
2.86404060659587	1.65901413624657
2.20502647034930	2.86404060659587
0.340985863753431	2.20502647034930
-0.864040606595868	0.340985863753431
1.52305474284244	-0.864040606595868
3.38709534943830	1.52305474284244
2.86404060659587	3.38709534943830
0.476945257157563	2.86404060659587
-1.38709534943830	0.476945257157563
1.91015009228074	-1.38709534943830
4.29724544171905	1.91015009228074
3.38709534943830	4.29724544171905
0.0898499077192589	3.38709534943830
-2.29724544171905	0.0898499077192589
3.20739553399979	-2.29724544171905
6.50464097571883	3.20739553399979
4.29724544171905	6.50464097571883
-1.20739553399979	4.29724544171905
-2.08984990771926	-1.20739553399979
4.29724544171905	-2.08984990771926
7.38709534943830	4.29724544171905
4.08984990771926	7.38709534943830
-2.29724544171905	4.08984990771926
-0.792604466000213	-2.29724544171905
4.08984990771926	-0.792604466000213
5.88245437371947	4.08984990771926
2.79260446600021	5.88245437371947
-2.08984990771926	2.79260446600021
0.297245441719046	-2.08984990771926
3.38709534943830	0.297245441719046
4.08984990771926	3.38709534943830
1.70275455828095	4.08984990771926
-1.38709534943830	1.70275455828095
0.684340791157350	-1.38709534943830
3.07143614059565	0.684340791157350
3.38709534943830	3.07143614059565
1.31565920884265	3.38709534943830
-1.07143614059565	1.31565920884265
0.755776931753005	-1.07143614059565
2.82721307234866	0.755776931753005
3.07143614059565	2.82721307234866
1.24422306824700	3.07143614059565
-0.827213072348659	1.24422306824700
0.582990004101664	-0.827213072348659
2.41020307645032	0.582990004101664
2.82721307234866	2.41020307645032
1.41700999589834	2.82721307234866
-0.410203076450323	1.41700999589834
-0.00680691944801382	-0.410203076450323
1.41700999589834	-0.00680691944801382
2.42381691534635	1.41700999589834
2.00680691944801	2.42381691534635
0.582990004101664	2.00680691944801
-0.423816915346350	0.582990004101664
0.840826911244687	-0.423816915346350
2.26464382659104	0.840826911244687
2.42381691534635	2.26464382659104
1.15917308875531	2.42381691534635
-0.264643826591037	1.15917308875531
0.105470737835724	-0.264643826591037
1.37011456442676	0.105470737835724
2.26464382659104	1.37011456442676
1.89452926216428	2.26464382659104
0.629885435573240	1.89452926216428
-0.264643826591037	0.629885435573240
0.634758391017797	-0.264643826591037
1.89940221760883	0.634758391017797
2.26464382659104	1.89940221760883
1.36524160898220	2.26464382659104
0.100597782391166	1.36524160898220
-0.264643826591037	0.100597782391166
1.16404604419987	-0.264643826591037
2.42868987079091	1.16404604419987
2.26464382659104	2.42868987079091
0.835953955800129	2.26464382659104
-0.428689870790908	0.835953955800129
0.592735914990779	-0.428689870790908
2.02142578578169	0.592735914990779
2.42868987079091	2.02142578578169
1.40726408500922	2.42868987079091
-0.0214257857816875	1.40726408500922
-0.385838299227533	-0.0214257857816875
1.40726408500922	-0.385838299227533
2.79310238423675	1.40726408500922
2.38583829922753	2.79310238423675
0.592735914990779	2.38583829922753
-0.793102384236754	0.592735914990779
1.20036646924597	-0.793102384236754
2.99346885348273	1.20036646924597
2.79310238423675	2.99346885348273
0.799633530754026	2.79310238423675
-0.993468853482728	0.799633530754026
1.19383532272870	-0.993468853482728
3.18730417621143	1.19383532272870
2.99346885348273	3.18730417621143
0.806164677271298	2.99346885348273
-1.18730417621143	0.806164677271298
1.38113949894013	-1.18730417621143
3.56844367515156	1.38113949894013
3.18730417621143	3.56844367515156
0.618860501059867	3.18730417621143
-1.56844367515156	0.618860501059867
1.94958317409170	-1.56844367515156
4.51802684924326	1.94958317409170
3.56844367515156	4.51802684924326
0.0504168259083038	3.56844367515156
-2.51802684924326	0.0504168259083038
3.46761002333496	-2.51802684924326
6.98563687257822	3.46761002333496
4.51802684924326	6.98563687257822
-1.46761002333496	4.51802684924326
-2.05041682590830	-1.46761002333496
4.51802684924326	-2.05041682590830
7.56844367515156	4.51802684924326
4.05041682590830	7.56844367515156
-2.51802684924326	4.05041682590830
-0.532389976665044	-2.51802684924326
4.05041682590830	-0.532389976665044
5.58280680257335	4.05041682590830
2.53238997666504	5.58280680257335
-2.05041682590830	2.53238997666504
0.518026849243260	-2.05041682590830
3.56844367515156	0.518026849243260
4.05041682590830	3.56844367515156
1.48197315075674	4.05041682590830
-1.56844367515156	1.48197315075674
1.08647052439482	-1.56844367515156
3.65491419954639	1.08647052439482
3.56844367515156	3.65491419954639
0.913529475605177	3.56844367515156
-1.65491419954639	0.913529475605177
1.74138472394121	-1.65491419954639
4.39629892348760	1.74138472394121
3.65491419954639	4.39629892348760
0.258615276058791	3.65491419954639
-2.39629892348760	0.258615276058791
3.13768364742881	-2.39629892348760
6.53398257091640	3.13768364742881
4.39629892348760	6.53398257091640
-1.13768364742880	4.39629892348760
-2.25861527605879	-1.13768364742880
4.39629892348760	-2.25861527605879
7.65491419954639	4.39629892348760
4.25861527605879	7.65491419954639
-2.39629892348760	4.25861527605879
-0.862316352571195	-2.39629892348760
4.25861527605879	-0.862316352571195
6.12093162862999	4.25861527605879
2.86231635257120	6.12093162862999
-2.25861527605879	2.86231635257120
0.396298923487596	-2.25861527605879
3.65491419954639	0.396298923487596
4.25861527605879	3.65491419954639
1.60370107651240	4.25861527605879
-1.65491419954639	1.60370107651240
1.05121312303398	-1.65491419954639
3.70612732258037	1.05121312303398
3.65491419954639	3.70612732258037
0.948786876966018	3.65491419954639
-1.70612732258037	0.948786876966018
1.75734044561435	-1.70612732258037
4.46346776819472	1.75734044561435
3.70612732258037	4.46346776819472
0.242659554385650	3.70612732258037
-2.46346776819472	0.242659554385650
3.22080821380907	-2.46346776819472
6.68427598200379	3.22080821380907
4.46346776819472	6.68427598200379
-1.22080821380907	4.46346776819472
-2.24265955438565	-1.22080821380907
4.46346776819472	-2.24265955438565
7.70612732258037	4.46346776819472
4.24265955438565	7.70612732258037
-2.46346776819472	4.24265955438565
-0.779191786190932	-2.46346776819472
4.24265955438565	-0.779191786190932
6.02185134057658	4.24265955438565
2.77919178619093	6.02185134057658
-2.24265955438565	2.77919178619093
0.463467768194718	-2.24265955438565
3.70612732258037	0.463467768194718
4.24265955438565	3.70612732258037
1.53653223180528	4.24265955438565
-1.70612732258037	1.53653223180528
1.16959509077509	-1.70612732258037
3.87572241335545	1.16959509077509
3.70612732258037	3.87572241335545
0.830404909224914	3.70612732258037
-1.87572241335545	0.830404909224914
2.04531750413054	-1.87572241335545
4.92103991748600	2.04531750413054
3.87572241335545	4.92103991748600
-0.0453175041305407	3.87572241335545
-2.83040490922491	-0.0453175041305407
3.87572241335545	-2.83040490922491
7.70612732258037	3.87572241335545
4.83040490922491	7.70612732258037
-1.87572241335545	4.83040490922491
-1.95468249586946	-1.87572241335545
4.83040490922491	-1.95468249586946
7.78508740509437	4.83040490922491
3.95468249586946	7.78508740509437
-2.83040490922491	3.95468249586946
-0.124277586644546	-2.83040490922491
3.95468249586946	-0.124277586644546
5.07896008251401	3.95468249586946
2.12427758664455	5.07896008251401
-1.95468249586946	2.12427758664455
0.830404909224914	-1.95468249586946
3.78508740509437	0.830404909224914
3.95468249586946	3.78508740509437
1.16959509077509	3.95468249586946
-1.78508740509437	1.16959509077509
1.61549231431929	-1.78508740509437
4.40057971941366	1.61549231431929
3.78508740509437	4.40057971941366
0.384507685680713	3.78508740509437
-2.40057971941366	0.384507685680713
3.01607203373295	-2.40057971941366
6.41665175314661	3.01607203373295
4.40057971941366	6.41665175314661
-1.01607203373295	4.40057971941366
-2.38450768568071	-1.01607203373295
4.40057971941366	-2.38450768568071
7.78508740509437	4.40057971941366
4.38450768568071	7.78508740509437
-2.40057971941366	4.38450768568071
-0.983927966267054	-2.40057971941366
4.38450768568071	-0.983927966267054
6.36843565194777	4.38450768568071
2.98392796626705	6.36843565194777
-2.38450768568071	2.98392796626705
0.400579719413660	-2.38450768568071
3.78508740509437	0.400579719413660
4.38450768568071	3.78508740509437
1.59942028058634	4.38450768568071
-1.78508740509437	1.59942028058634
1.18566712450803	-1.78508740509437
3.97075452960241	1.18566712450803
3.78508740509437	3.97075452960241
0.814332875491967	3.78508740509437
-1.97075452960241	0.814332875491967
2.15642165411044	-1.97075452960241
5.12717618371284	2.15642165411044
3.97075452960241	5.12717618371284
-0.156421654110439	3.97075452960241
-2.81433287549197	-0.156421654110439
3.97075452960241	-2.81433287549197
7.78508740509437	3.97075452960241
4.81433287549197	7.78508740509437
-1.97075452960241	4.81433287549197
-1.84357834588956	-1.97075452960241
4.81433287549197	-1.84357834588956
7.65791122138153	4.81433287549197
3.84357834588956	7.65791122138153
-2.81433287549197	3.84357834588956
-0.0292454703975942	-2.81433287549197
3.84357834588956	-0.0292454703975942
4.87282381628716	3.84357834588956
2.02924547039759	4.87282381628716
-1.84357834588956	2.02924547039759
0.814332875491967	-1.84357834588956
3.65791122138153	0.814332875491967
3.84357834588956	3.65791122138153
1.18566712450803	3.84357834588956
-1.65791122138153	1.18566712450803
1.47224409687350	-1.65791122138153
4.13015531825502	1.47224409687350
3.65791122138153	4.13015531825502
0.527755903126504	3.65791122138153
-2.13015531825502	0.527755903126504
2.60239941512852	-2.13015531825502
5.73255473338354	2.60239941512852
4.13015531825502	5.73255473338354
-0.602399415128520	4.13015531825502
-2.52775590312650	-0.602399415128520
4.13015531825502	-2.52775590312650
7.65791122138153	4.13015531825502
4.52775590312650	7.65791122138153
-2.13015531825502	4.52775590312650
-1.39760058487148	-2.13015531825502
4.52775590312650	-1.39760058487148
6.92535648799798	4.52775590312650
3.39760058487148	6.92535648799798
-2.52775590312650	3.39760058487148
0.130155318255024	-2.52775590312650
3.65791122138153	0.130155318255024
4.52775590312650	3.65791122138153
1.86984468174498	4.52775590312650
-1.65791122138153	1.86984468174498
0.788066539636553	-1.65791122138153
3.44597776101808	0.788066539636553
3.65791122138153	3.44597776101808
1.21193346036345	3.65791122138153
-1.44597776101808	1.21193346036345
1.23404430065463	-1.44597776101808
3.68002206167272	1.23404430065463
3.44597776101808	3.68002206167272
0.765955699345366	3.44597776101808
-1.68002206167272	0.765955699345366
1.91406636232735	-1.68002206167272
4.59408842400007	1.91406636232735
3.68002206167272	4.59408842400007
0.0859336376726496	3.68002206167272
-2.59408842400007	0.0859336376726496
3.50815478632742	-2.59408842400007
7.10224321032748	3.50815478632742
4.59408842400007	7.10224321032748
-1.50815478632742	4.59408842400007
-2.08593363767265	-1.50815478632742
4.59408842400007	-2.08593363767265
7.68002206167272	4.59408842400007
4.08593363767265	7.68002206167272
-2.59408842400007	4.08593363767265
-0.491845213672583	-2.59408842400007
4.08593363767265	-0.491845213672583
5.57777885134523	4.08593363767265
2.49184521367258	5.57777885134523
-2.08593363767265	2.49184521367258
0.594088424000066	-2.08593363767265
3.68002206167272	0.594088424000066
4.08593363767265	3.68002206167272
1.40591157599993	4.08593363767265
-1.68002206167272	1.40591157599993
1.27411048567278	-1.68002206167272
3.95413254734550	1.27411048567278
3.68002206167272	3.95413254734550
0.725889514327218	3.68002206167272
-1.95413254734550	0.725889514327218
2.22824303301828	-1.95413254734550
5.18237558036378	2.22824303301828
3.95413254734550	5.18237558036378
-0.228243033018281	3.95413254734550
-2.72588951432722	-0.228243033018281
3.95413254734550	-2.72588951432722
7.68002206167272	3.95413254734550
4.72588951432722	7.68002206167272
-1.95413254734550	4.72588951432722
-1.77175696698172	-1.95413254734550
4.72588951432722	-1.77175696698172
7.49764648130894	4.72588951432722
3.77175696698172	7.49764648130894
-2.72588951432722	3.77175696698172
-0.0458674526545018	-2.72588951432722
3.77175696698172	-0.0458674526545018
4.81762441963622	3.77175696698172
2.04586745265450	4.81762441963622
-1.77175696698172	2.04586745265450
0.725889514327218	-1.77175696698172
3.49764648130894	0.725889514327218
3.77175696698172	3.49764648130894
1.27411048567278	3.77175696698172
-1.49764648130894	1.27411048567278
1.22353599563616	-1.49764648130894
3.72118247694509	1.22353599563616
3.49764648130894	3.72118247694509
0.776464004363845	3.49764648130894
-1.72118247694509	0.776464004363845
1.94471847258125	-1.72118247694509
4.66590094952634	1.94471847258125
3.72118247694509	4.66590094952634
0.0552815274187530	3.72118247694509
-2.66590094952634	0.0552815274187530
3.61061942210759	-2.66590094952634
7.27652037163393	3.61061942210759
4.66590094952634	7.27652037163393
-1.61061942210759	4.66590094952634
-2.05528152741875	-1.61061942210759
4.66590094952634	-2.05528152741875
7.72118247694509	4.66590094952634
4.05528152741875	7.72118247694509
-2.66590094952634	4.05528152741875
-0.389380577892414	-2.66590094952634
4.05528152741875	-0.389380577892414
5.44466210531117	4.05528152741875
2.38938057789241	5.44466210531117
-2.05528152741875	2.38938057789241
0.665900949526339	-2.05528152741875
3.72118247694509	0.665900949526339
4.05528152741875	3.72118247694509
1.33409905047366	4.05528152741875
-1.72118247694509	1.33409905047366
1.38708342647143	-1.72118247694509
4.10826590341652	1.38708342647143
3.72118247694509	4.10826590341652
0.612916573528569	3.72118247694509
-2.10826590341652	0.612916573528569
2.49534932988795	-2.10826590341652
5.60361523330448	2.49534932988795
4.10826590341652	5.60361523330448
-0.495349329887954	4.10826590341652
-2.61291657352857	-0.495349329887954
4.10826590341652	-2.61291657352857
7.72118247694509	4.10826590341652
4.61291657352857	7.72118247694509
-2.10826590341652	4.61291657352857
-1.50465067011205	-2.10826590341652
4.61291657352857	-1.50465067011205
7.11756724364061	4.61291657352857
3.50465067011205	7.11756724364061
-2.61291657352857	3.50465067011205
0.108265903416523	-2.61291657352857
3.72118247694509	0.108265903416523
4.61291657352857	3.72118247694509
1.89173409658348	4.61291657352857
-1.72118247694509	1.89173409658348
0.829448380361615	-1.72118247694509
3.55063085730671	0.829448380361615
3.72118247694509	3.55063085730671
1.17055161963838	3.72118247694509
-1.55063085730671	1.17055161963838
1.38007923766832	-1.55063085730671
3.93071009497503	1.38007923766832
3.55063085730671	3.93071009497503
0.619920762331677	3.55063085730671
-1.93071009497503	0.619920762331677
2.31078933264335	-1.93071009497503
5.24149942761838	2.31078933264335
3.93071009497503	5.24149942761838
-0.310789332643353	3.93071009497503
-2.61992076233168	-0.310789332643353
3.93071009497503	-2.61992076233168
7.55063085730671	3.93071009497503
4.61992076233168	7.55063085730671
-1.93071009497503	4.61992076233168
-1.68921066735665	-1.93071009497503
4.61992076233168	-1.68921066735665
7.30913142968833	4.61992076233168
3.68921066735665	7.30913142968833
-2.61992076233168	3.68921066735665
-0.0692899050249700	-2.61992076233168
3.68921066735665	-0.0692899050249700
4.75850057238162	3.68921066735665
2.06928990502497	4.75850057238162
-1.68921066735665	2.06928990502497
0.619920762331677	-1.68921066735665
3.30913142968832	0.619920762331677
3.68921066735665	3.30913142968832
1.38007923766832	3.68921066735665
-1.30913142968832	1.38007923766832
0.929052192020002	-1.30913142968832
3.23818362170833	0.929052192020002
3.30913142968832	3.23818362170833
1.07094780798000	3.30913142968832
-1.23818362170833	1.07094780798000
1.16723581372833	-1.23818362170833
3.40541943543666	1.16723581372833
3.23818362170833	3.40541943543666
0.832764186271671	3.23818362170833
-1.40541943543666	0.832764186271671
1.57265524916498	-1.40541943543666
3.97807468460164	1.57265524916498
3.40541943543666	3.97807468460164
0.427344750835015	3.40541943543666
-1.97807468460164	0.427344750835015
2.55072993376663	-1.97807468460164
5.52880461836827	2.55072993376663
3.97807468460164	5.52880461836827
-0.550729933766625	3.97807468460164
-2.42734475083502	-0.550729933766625
3.97807468460164	-2.42734475083502
7.40541943543666	3.97807468460164
4.42734475083502	7.40541943543666
-1.97807468460164	4.42734475083502
-1.44927006623337	-1.97807468460164
4.42734475083502	-1.44927006623337
6.87661481706839	4.42734475083502
3.44927006623337	6.87661481706839
-2.42734475083502	3.44927006623337
-0.0219253153983594	-2.42734475083502
3.44927006623337	-0.0219253153983594
4.47119538163173	3.44927006623337
2.02192531539836	4.47119538163173
-1.44927006623337	2.02192531539836
0.427344750835015	-1.44927006623337
2.87661481706839	0.427344750835015
3.44927006623337	2.87661481706839
1.57265524916498	3.44927006623337
-0.876614817068390	1.57265524916498
0.303959567903405	-0.876614817068390
2.18057438497180	0.303959567903405
2.87661481706839	2.18057438497180
1.69604043209660	2.87661481706839
-0.180574384971795	1.69604043209660
-0.515466047124800	-0.180574384971795
1.69604043209660	-0.515466047124800
3.21150647922140	1.69604043209660
2.51546604712480	3.21150647922140
0.303959567903405	2.51546604712480
-1.21150647922140	0.303959567903405
1.90754691131799	-1.21150647922140
4.11905339053939	1.90754691131799
3.21150647922140	4.11905339053939
0.0924530886820101	3.21150647922140
-2.11905339053939	0.0924530886820101
3.02660030185738	-2.11905339053939
6.14565369239676	3.02660030185738
4.11905339053939	6.14565369239676
-1.02660030185737	4.11905339053939
-2.09245308868201	-1.02660030185737
4.11905339053939	-2.09245308868201
7.21150647922140	4.11905339053939
4.09245308868201	7.21150647922140
-2.11905339053939	4.09245308868201
-0.973399698142625	-2.11905339053939
4.09245308868201	-0.973399698142625
6.06585278682464	4.09245308868201
2.97339969814263	6.06585278682464
-2.09245308868201	2.97339969814263
0.119053390539385	-2.09245308868201
3.21150647922140	0.119053390539385
4.09245308868201	3.21150647922140
1.88094660946062	4.09245308868201
-1.21150647922140	1.88094660946062
0.330559869760780	-1.21150647922140
2.54206634898218	0.330559869760780
3.21150647922140	2.54206634898218
1.66944013023922	3.21150647922140
-0.542066348982175	1.66944013023922
-0.127373781257045	-0.542066348982175
1.66944013023922	-0.127373781257045
2.79681391149627	1.66944013023922
2.12737378125705	2.79681391149627
0.330559869760780	2.12737378125705
-0.796813911496265	0.330559869760780
1.46625404173549	-0.796813911496265
3.26306795323175	1.46625404173549
2.79681391149627	3.26306795323175
0.533745958264515	2.79681391149627
-1.26306795323175	0.533745958264515
1.72932199496724	-1.26306795323175
3.99238994819899	1.72932199496724
3.26306795323175	3.99238994819899
0.270678005032764	3.26306795323175
-1.99238994819899	0.270678005032764
2.72171194316622	-1.99238994819899
5.71410189136521	2.72171194316622
3.99238994819899	5.71410189136521
-0.721711943166223	3.99238994819899
-2.27067800503276	-0.721711943166223
3.99238994819899	-2.27067800503276
7.26306795323175	3.99238994819899
4.27067800503276	7.26306795323175
-1.99238994819899	4.27067800503276
-1.27828805683378	-1.99238994819899
4.27067800503276	-1.27828805683378
6.54896606186654	4.27067800503276
3.27828805683378	6.54896606186654
-2.27067800503276	3.27828805683378
-0.00761005180101293	-2.27067800503276
3.27828805683378	-0.00761005180101293
4.28589810863479	3.27828805683378
2.00761005180101	4.28589810863479
-1.27828805683378	2.00761005180101
0.270678005032764	-1.27828805683378
2.54896606186654	0.270678005032764
3.27828805683378	2.54896606186654
1.72932199496724	3.27828805683378
-0.548966061866540	1.72932199496724
-0.180355933100696	-0.548966061866540
1.72932199496724	-0.180355933100696
2.90967792806793	1.72932199496724
2.18035593310070	2.90967792806793
0.270678005032764	2.18035593310070
-0.909677928067932	0.270678005032764
1.63899992303517	-0.909677928067932
3.54867785110310	1.63899992303517
2.90967792806793	3.54867785110310
0.361000076964832	2.90967792806793
-1.54867785110310	0.361000076964832
2.18767777413827	-1.54867785110310
4.73635562524137	2.18767777413827
3.54867785110310	4.73635562524137
-0.187677774138269	3.54867785110310
-2.36100007696483	-0.187677774138269
3.54867785110310	-2.36100007696483
6.90967792806793	3.54867785110310
4.36100007696483	6.90967792806793
-1.54867785110310	4.36100007696483
-1.81232222586173	-1.54867785110310
4.36100007696483	-1.81232222586173
7.17332230282656	4.36100007696483
3.81232222586173	7.17332230282656
-2.36100007696483	3.81232222586173
-0.451322148896900	-2.36100007696483
3.81232222586173	-0.451322148896900
5.26364437475863	3.81232222586173
2.45132214889690	5.26364437475863
-1.81232222586173	2.45132214889690
0.361000076964832	-1.81232222586173
3.17332230282656	0.361000076964832
3.81232222586173	3.17332230282656
1.63899992303517	3.81232222586173
-1.17332230282656	1.63899992303517
0.534322379791394	-1.17332230282656
2.70764468261796	0.534322379791394
3.17332230282656	2.70764468261796
1.46567762020861	3.17332230282656
-0.707644682617957	1.46567762020861
0.241967062409351	-0.707644682617957
1.94961174502731	0.241967062409351
2.70764468261796	1.94961174502731
1.75803293759065	2.70764468261796
0.0503882549726917	1.75803293759065
-0.707644682617957	0.0503882549726917
1.65725642764527	-0.707644682617957
3.36490111026322	1.65725642764527
2.70764468261796	3.36490111026322
0.342743572354735	2.70764468261796
-1.36490111026322	0.342743572354735
2.02215753790849	-1.36490111026322
4.38705864817171	2.02215753790849
3.36490111026322	4.38705864817171
-0.0221575379084875	3.36490111026322
-2.34274357235473	-0.0221575379084875
3.36490111026322	-2.34274357235473
6.70764468261796	3.36490111026322
4.34274357235474	6.70764468261796
-1.36490111026322	4.34274357235474
-1.97784246209151	-1.36490111026322
4.34274357235474	-1.97784246209151
7.32058603444625	4.34274357235474
3.97784246209151	7.32058603444625
-2.34274357235473	3.97784246209151
-0.635098889736778	-2.34274357235473
3.97784246209151	-0.635098889736778
5.61294135182829	3.97784246209151
2.63509888973678	5.61294135182829
-1.97784246209151	2.63509888973678
0.342743572354735	-1.97784246209151
3.32058603444625	0.342743572354735
3.97784246209151	3.32058603444625
1.65725642764527	3.97784246209151
-1.32058603444625	1.65725642764527
0.663329606800982	-1.32058603444625
2.98391564124723	0.663329606800982
3.32058603444625	2.98391564124723
1.33667039319902	3.32058603444625
-0.983915641247229	1.33667039319902
0.647245248048211	-0.983915641247229
2.63116088929544	0.647245248048211
2.98391564124723	2.63116088929544
1.35275475195179	2.98391564124723
-0.631160889295440	1.35275475195179
0.278406137343652	-0.631160889295440
1.90956702663909	0.278406137343652
2.63116088929544	1.90956702663909
1.72159386265635	2.63116088929544
0.0904329733609082	1.72159386265635
-0.631160889295440	0.0904329733609082
1.54072791593453	-0.631160889295440
3.17188880522997	1.54072791593453
2.63116088929544	3.17188880522997
0.459272084065468	2.63116088929544
-1.17188880522997	0.459272084065468
1.71261672116450	-1.17188880522997
3.88450552639448	1.71261672116450
3.17188880522997	3.88450552639448
0.287383278835495	3.17188880522997
-1.88450552639448	0.287383278835495
2.59712224755898	-1.88450552639448
5.48162777395346	2.59712224755898
3.88450552639448	5.48162777395346
-0.597122247558982	3.88450552639448
-2.28738327883550	-0.597122247558982
3.88450552639448	-2.28738327883550
7.17188880522997	3.88450552639448
4.28738327883550	7.17188880522997
-1.88450552639448	4.28738327883550
-1.40287775244102	-1.88450552639448
4.28738327883550	-1.40287775244102
6.69026103127651	4.28738327883550
3.40287775244102	6.69026103127651
-2.28738327883550	3.40287775244102
-0.115494473605523	-2.28738327883550
3.40287775244102	-0.115494473605523
4.51837222604654	3.40287775244102
2.11549447360552	4.51837222604654
-1.40287775244102	2.11549447360552
0.287383278835495	-1.40287775244102
2.69026103127651	0.287383278835495
3.40287775244102	2.69026103127651
1.71261672116450	3.40287775244102
-0.690261031276513	1.71261672116450
-0.0223556898879913	-0.690261031276513
1.71261672116450	-0.0223556898879913
2.73497241105250	1.71261672116450
2.02235568988799	2.73497241105250
0.287383278835495	2.02235568988799
-0.734972411052496	0.287383278835495
1.44758913221700	-0.734972411052496
3.18256154326950	1.44758913221700
2.73497241105250	3.18256154326950
0.552410867782999	2.73497241105250
-1.18256154326950	0.552410867782999
1.63015067548650	-1.18256154326950
3.81271221875599	1.63015067548650
3.18256154326950	3.81271221875599
0.369849324513503	3.18256154326950
-1.81271221875599	0.369849324513503
2.44286289424249	-1.81271221875599
5.25557511299849	2.44286289424249
3.81271221875599	5.25557511299849
-0.442862894242492	3.81271221875599
-2.36984932451350	-0.442862894242492
3.81271221875599	-2.36984932451350
7.18256154326950	3.81271221875599
4.36984932451350	7.18256154326950
-1.81271221875599	4.36984932451350
-1.55713710575751	-1.81271221875599
4.36984932451350	-1.55713710575751
6.92698643027101	4.36984932451350
3.55713710575751	6.92698643027101
-2.36984932451350	3.55713710575751
-0.187287781244006	-2.36984932451350
3.55713710575751	-0.187287781244006
4.74442488700151	3.55713710575751
2.18728778124401	4.74442488700151
-1.55713710575751	2.18728778124401
0.369849324513503	-1.55713710575751
2.92698643027101	0.369849324513503
3.55713710575751	2.92698643027101
1.63015067548650	3.55713710575751
-0.926986430271011	1.63015067548650
0.296835754784514	-0.926986430271011
2.22382218505553	0.296835754784514
2.92698643027101	2.22382218505553
1.70316424521549	2.92698643027101
-0.223822185055525	1.70316424521549
-0.479342060159961	-0.223822185055525
1.70316424521549	-0.479342060159961
3.18250630537545	1.70316424521549
2.47934206015996	3.18250630537545
0.296835754784514	2.47934206015996
-1.18250630537545	0.296835754784514
1.88567055059093	-1.18250630537545
4.06817685596638	1.88567055059093
3.18250630537545	4.06817685596638
0.114329449409066	3.18250630537545
-2.06817685596638	0.114329449409066
2.95384740655732	-2.06817685596638
6.02202426252370	2.95384740655732
4.06817685596638	6.02202426252370
-0.953847406557316	4.06817685596638
-2.11432944940907	-0.953847406557316
4.06817685596638	-2.11432944940907
7.18250630537545	4.06817685596638
4.11432944940907	7.18250630537545
-2.06817685596638	4.11432944940907
-1.04615259344268	-2.06817685596638
4.11432944940907	-1.04615259344268
6.16048204285175	4.11432944940907
3.04615259344268	6.16048204285175
-2.11432944940907	3.04615259344268
0.0681768559663816	-2.11432944940907
3.18250630537545	0.0681768559663816
4.11432944940907	3.18250630537545
1.93182314403362	4.11432944940907
-1.18250630537545	1.93182314403362
0.250683161341829	-1.18250630537545
2.43318946671728	0.250683161341829
3.18250630537545	2.43318946671728
1.74931683865817	3.18250630537545
-0.433189466717277	1.74931683865817
-0.316127371940894	-0.433189466717277
1.74931683865817	-0.316127371940894
3.06544421059906	1.74931683865817
2.31612737194089	3.06544421059906
0.250683161341829	2.31612737194089
-1.06544421059906	0.250683161341829
1.81476104925724	-1.06544421059906
3.88020525985630	1.81476104925724
3.06544421059906	3.88020525985630
0.185238950742765	3.06544421059906
-1.88020525985630	0.185238950742765
2.69496630911354	-1.88020525985630
5.57517156896984	2.69496630911354
3.88020525985630	5.57517156896984
-0.694966309113536	3.88020525985630
-2.18523895074276	-0.694966309113536
3.88020525985630	-2.18523895074276
7.06544421059907	3.88020525985630
4.18523895074276	7.06544421059907
-1.88020525985630	4.18523895074276
-1.30503369088646	-1.88020525985630
4.18523895074276	-1.30503369088646
6.49027264162923	4.18523895074276
3.30503369088646	6.49027264162923
-2.18523895074276	3.30503369088646
-0.119794740143700	-2.18523895074276
3.30503369088646	-0.119794740143700
4.42482843103016	3.30503369088646
2.11979474014370	4.42482843103016
-1.30503369088646	2.11979474014370
0.185238950742765	-1.30503369088646
2.49027264162923	0.185238950742765
3.30503369088646	2.49027264162923
1.81476104925724	3.30503369088646
-0.490272641629229	1.81476104925724
-0.324488407628007	-0.490272641629229
1.81476104925724	-0.324488407628007
3.13924945688524	1.81476104925724
2.32448840762801	3.13924945688524
0.185238950742765	2.32448840762801
-1.13924945688524	0.185238950742765
1.95401050614248	-1.13924945688524
4.09325996302772	1.95401050614248
3.13924945688524	4.09325996302772
0.0459894938575225	3.13924945688524
-2.09325996302772	0.0459894938575225
3.04727046917020	-2.09325996302772
6.14053043219792	3.04727046917020
4.09325996302772	6.14053043219792
-1.04727046917020	4.09325996302772
-2.04598949385752	-1.04727046917020
4.09325996302772	-2.04598949385752
7.13924945688524	4.09325996302772
4.04598949385752	7.13924945688524
-2.09325996302772	4.04598949385752
-0.952729530829803	-2.09325996302772
4.04598949385752	-0.952729530829803
5.99871902468733	4.04598949385752
2.95272953082980	5.99871902468733
-2.04598949385752	2.95272953082980
0.0932599630277196	-2.04598949385752
3.13924945688524	0.0932599630277196
4.04598949385752	3.13924945688524
1.90674003697228	4.04598949385752
-1.13924945688524	1.90674003697228
0.232509419912962	-1.13924945688524
2.37175887679820	0.232509419912962
3.13924945688524	2.37175887679820
1.76749058008704	3.13924945688524
-0.371758876798204	1.76749058008704
-0.395731703288835	-0.371758876798204
1.76749058008704	-0.395731703288835
3.16322228337587	1.76749058008704
2.39573170328884	3.16322228337587
0.232509419912962	2.39573170328884
-1.16322228337587	0.232509419912962
1.93071286346291	-1.16322228337587
4.09393514683879	1.93071286346291
3.16322228337587	4.09393514683879
0.0692871365370884	3.16322228337587
-2.09393514683879	0.0692871365370884
3.02464801030170	-2.09393514683879
6.11858315714048	3.02464801030170
4.09393514683879	6.11858315714048
-1.02464801030170	4.09393514683879
-2.06928713653709	-1.02464801030170
4.09393514683879	-2.06928713653709
7.16322228337587	4.09393514683879
4.06928713653709	7.16322228337587
-2.09393514683879	4.06928713653709
-0.975351989698304	-2.09393514683879
4.06928713653709	-0.975351989698304
6.04463912623539	4.06928713653709
2.97535198969830	6.04463912623539
-2.06928713653709	2.97535198969830
0.0939351468387848	-2.06928713653709
3.16322228337587	0.0939351468387848
4.06928713653709	3.16322228337587
1.90606485316122	4.06928713653709
-1.16322228337587	1.90606485316122
0.257157430214658	-1.16322228337587
2.42037971359053	0.257157430214658
3.16322228337587	2.42037971359053
1.74284256978534	3.16322228337587
-0.420379713590531	1.74284256978534
-0.322462856194811	-0.420379713590531
1.74284256978534	-0.322462856194811
3.06530542598015	1.74284256978534
2.32246285619481	3.06530542598015
0.257157430214658	2.32246285619481
-1.06530542598015	0.257157430214658
1.80814799576550	-1.06530542598015
3.87345342174565	1.80814799576550
3.06530542598015	3.87345342174565
0.191852004234505	3.06530542598015
-1.87345342174565	0.191852004234505
2.68160141751114	-1.87345342174565
5.55505483925679	2.68160141751114
3.87345342174565	5.55505483925679
-0.681601417511143	3.87345342174565
-2.19185200423451	-0.681601417511143
3.87345342174565	-2.19185200423451
7.06530542598015	3.87345342174565
4.19185200423451	7.06530542598015
-1.87345342174565	4.19185200423451
-1.31839858248886	-1.87345342174565
4.19185200423451	-1.31839858248886
6.51025058672336	4.19185200423451
3.31839858248886	6.51025058672336
-2.19185200423451	3.31839858248886
-0.126546578254352	-2.19185200423451
3.31839858248886	-0.126546578254352
4.44494516074321	3.31839858248886
2.12654657825435	4.44494516074321
-1.31839858248886	2.12654657825435
0.191852004234505	-1.31839858248886
2.51025058672336	0.191852004234505
3.31839858248886	2.51025058672336
1.80814799576550	3.31839858248886
-0.510250586723362	1.80814799576550
-0.297897409042132	-0.510250586723362
1.80814799576550	-0.297897409042132
3.10604540480763	1.80814799576550
2.29789740904213	3.10604540480763
0.191852004234505	2.29789740904213
-1.10604540480763	0.191852004234505
1.91419340057312	-1.10604540480763
4.02023880538075	1.91419340057312
3.10604540480763	4.02023880538075
0.0858065994268777	3.10604540480763
-2.02023880538075	0.0858065994268777
2.93443220595387	-2.02023880538075
5.95467101133462	2.93443220595387
4.02023880538075	5.95467101133462
-0.934432205953872	4.02023880538075
-2.08580659942688	-0.934432205953872
4.02023880538075	-2.08580659942688
7.10604540480763	4.02023880538075
4.08580659942688	7.10604540480763
-2.02023880538075	4.08580659942688
-1.06556779404613	-2.02023880538075
4.08580659942688	-1.06556779404613
6.15137439347301	4.08580659942688
3.06556779404613	6.15137439347301
-2.08580659942688	3.06556779404613
0.0202388053807496	-2.08580659942688
3.10604540480763	0.0202388053807496
4.08580659942688	3.10604540480763
1.97976119461925	4.08580659942688
-1.10604540480763	1.97976119461925
0.126284210188377	-1.10604540480763
2.23232961499600	0.126284210188377
3.10604540480763	2.23232961499600
1.87371578981162	3.10604540480763
-0.232329614996004	1.87371578981162
-0.641386174815619	-0.232329614996004
1.87371578981162	-0.641386174815619
3.51510196462724	1.87371578981162
2.64138617481562	3.51510196462724
0.126284210188377	2.64138617481562
-1.51510196462724	0.126284210188377
2.38881775443886	-1.51510196462724
4.90391971906611	2.38881775443886
3.51510196462724	4.90391971906611
-0.388817754438865	3.51510196462724
-2.12628421018838	-0.388817754438865
3.51510196462724	-2.12628421018838
6.64138617481562	3.51510196462724
4.12628421018838	6.64138617481562
-1.51510196462724	4.12628421018838