-10.9366208130710	-11.3816542106291	1
-1.48993896574712	2.59356714557336	1
-5.38698402593601	10.5839623261883	1
-5.42785702952933	-7.63994818454522	1
-15.4866261499236	-13.3453657366783	1
-5.26236312671380	-9.65933810279812	1
-12.7075263468001	12.9420325791722	1
-1.51001213331092	4.92255893597319	1
-0.126416630710608	-2.31681579469226	1
-8.96104711882612	8.60251931095386	1
-1.77732044947160	-6.71910809556561	1
-7.68247045104614	7.41816361620183	1
-1.85442063309438	-0.765871955544891	1
-4.20326559336831	-8.70882460960021	1
-5.61137557603581	-11.3927802195687	1
-6.79091317495700	-8.61779369209069	1
-8.93296610093266	-8.49691250337575	1
-9.77018082173018	12.4166114486555	1
-19.4535346564557	-11.6825174237511	1
-8.15986351582912	-10.8725062065171	1
-11.9136846225789	9.44990892291642	1
-2.03086460008519	-5.83779148265608	1
1.29892437678978	2.68895575443493	1
-0.0248183423850388	3.89368190578355	1
-4.05405008431638	-6.82562892173448	1
-10.9693415319957	11.0173372128784	1
-18.1018229981439	-13.6887947474627	1
-1.07975787280804	-0.798635487841308	1
-1.18744354375140	-4.51697712303866	1
0.461541557333036	4.53148238974189	1
0.196865531463507	-4.56901567787793	1
-2.95114599283406	-6.55596250007866	1
-2.72761884285053	4.74394306087997	1
-0.713763858593316	1.96003830286092	1
-6.05791571727173	6.72228265571040	1
-5.83278921149101	-10.8358326127438	1
-7.06041205485295	-7.35762238977887	1
-7.60628019818998	-8.16227312975211	1
-5.06562392511494	-6.16463182993663	1
-20.0919356093248	10.9755181380796	1
-10.2156515763188	9.34919580286372	1
-2.26980102457757	2.92752685727324	1
-5.24218956613025	9.63259460042504	1
0.0528018378934338	-2.24364717852690	1
-14.6315404326770	-11.1053721448310	1
-6.59332971117613	-6.80300506088960	1
-4.06399153555335	8.09856403902648	1
-1.00462634879203	4.16917848128195	1
-18.2690969963328	13.7130584858970	1
-20.1072151180771	11.2745079105194	1
-0.770772496893645	3.98610903350337	1
-5.49653226321389	-7.12997356986381	1
-12.4696469560880	-12.4182000941022	1
-1.14548249601929	4.52239488489857	1
-8.31411093118387	10.8851127928715	1
-3.54945443160016	6.23247309349412	1
-2.18930254222667	2.93482706651416	1
-1.66086435507073	-6.89848228330151	1
-1.88963899168753	-2.43658758575571	1
-11.5901106437843	-11.1333334397338	1
-18.6593297401892	11.2187563924705	1
-18.3296575012280	-11.0185327537192	1
-15.8461632429939	-10.6913763599814	1
-9.42271783038622	10.8121858496573	1
-16.1220423668841	12.1309478784046	1
-2.57578895519388	-5.08078185690757	1
-3.90126653184725	-9.59697794948485	1
-0.786747054727817	0.338027344950533	1
-3.59259407535026	5.73704473052715	1
-2.95847265651012	-3.62131270801585	1
-3.21563634504832	-4.40380812657770	1
-10.4626944751528	12.6375621919321	1
-7.75170685067205	-10.9651298091356	1
-5.54210522126492	-7.84092719818011	1
-15.7603023447088	10.3281104221517	1
-1.31497882226349	1.96775186530241	1
0.538890019119571	3.91076960820068	1
-0.00819880360245540	2.07022092332013	1
-0.521539323081947	2.35689943721473	1
1.22079266149217	-0.814418923408457	1
-6.49917602024502	7.70501551734281	1
0.613048631607502	-0.578172471891544	1
-15.2601906994474	10.8735245881900	1
-10.5552142029899	9.40611575943354	1
-13.9811606637521	12.0463200588679	1
-9.83917383150160	9.10918852600231	1
-18.6157640985297	10.9283531240200	1
-17.5542985016538	13.3100739080592	1
-8.78195697325585	-8.31928579638963	1
-6.83017054134793	9.04168772434612	1
0.475916581786644	-2.41023600836853	1
-1.95064970642652	4.74334252050154	1
-3.00262550757200	5.94499698524371	1
-12.2456786801695	-9.33158084109305	1
-1.58481588324880	0.706786377779534	1
-0.817536443037287	1.13784240443072	1
-1.10757456141258	1.47079716038570	1
-5.69918430512091	8.63489108589450	1
-3.34712080675808	-6.61425223386130	1
-18.7943264240631	11.1528868089922	1
-6.10688239774078	5.71602296429578	1
-1.60222764840765	-4.65774954235090	1
-19.1705992619077	13.5464855158903	1
-19.0306023318632	12.8952503045178	1
-1.02881281022334	3.75936562321818	1
-3.89782808725310	9.72162776489273	1
-5.32324390082703	-6.63123721902493	1
-5.09487681937865	-7.91045408409230	1
-17.7627879298477	10.1873846922431	1
-2.02290840911199	2.70929557199910	1
-17.7750444377060	-11.5649670706978	1
-2.57747109166219	7.29899988916607	1
-6.88161977890205	10.8616938574567	1
-1.99625745959387	-1.18377296419588	1
-1.34598290722951	0.463043542256897	1
-7.84339630053469	10.9533941348112	1
-4.97150736981185	10.1876882963141	1
-2.73418357483224	-6.48048440265892	1
-3.57256385555128	5.75482672604495	1
-20.3156676927979	-10.0525582810587	1
-5.29751683517301	5.73467620604616	1
-2.02799072245771	-0.0601220045030764	1
-13.4671291657496	11.3013309499391	1
1.78036099782773	-3.07272901049905	1
-2.10819346098411	0.997895794559795	1
-3.11532653059947	6.46841542449534	1
-2.40504099420892	2.33062357607961	1
-10.1579770856560	10.1349333915181	1
-7.69067478350100	-8.84275135823970	1
-13.6362527469373	-11.1775307478610	1
-9.48759877032544	-9.79756437848240	1
-6.54468718030793	-11.1989257229409	1
0.753438824625768	-2.80720479885108	1
-3.70394758909575	5.63475764561503	1
-8.37485767413089	8.73087048180760	1
-9.23826168411440	-11.0103627256295	1
-17.2618687792533	13.2222788534962	1
-7.89808413441243	8.19997481460208	1
-0.808155775267630	1.84977094897085	1
-9.21022728088894	10.5741622595196	1
1.03899694979739	-3.54892540414848	1
-6.46370686917811	-6.67738520159760	1
-13.7342146114832	-9.78653878759122	1
-6.57813326965508	8.53852246434956	1
-6.40022651521837	5.80823394304901	1
-5.52215410895367	-7.73004032338931	1
-8.50220451619627	11.1736753450226	1
0.239671943415130	4.46493257740131	1
-5.41129645194529	-9.06729848783549	1
-2.63445943717464	4.77090502516920	1
-9.48804782949989	9.41591552555618	1
-6.04548267068661	8.95639770479704	1
-14.3257431034792	12.3366953519158	1
-3.11027872272683	-5.34676459420287	1
-18.7400252343816	11.0850248148630	1
0.474169048664282	-1.51261527672060	1
-17.5637107249956	-10.2805991914988	1
-12.0371784226329	-9.03376704679109	1
-16.5986996697863	12.2405038840202	1
-3.15403259731736	-8.09499232915212	1
-4.82169228735595	-7.19798337235711	1
-5.00656818677467	7.36505971103381	1
-13.6385692785512	11.6010360123368	1
-12.5536778023214	-9.59129413620835	1
-1.83913523011621	-3.69760516454446	1
-3.67445555491143	-6.73853055601971	1
1.63877286136662	0.980333890215883	1
-5.93060808998429	10.5250377161822	1
-6.69721245223145	7.61325865761409	1
0.230801941075158	-1.43901933113500	1
-5.38669512778001	7.79773854024936	1
-2.42499804537710	2.93858407517600	1
-17.0398363580282	11.8961056194654	1
-18.1531530914482	-12.2951683048653	1
-2.34859236282792	-5.49497898890142	1
-11.1501349330448	10.6542539303438	1
-13.2158143935337	9.67280386435258	1
-1.83694327849061	2.15677870819031	1
-18.3926531199480	13.6604994652346	1
-1.01848630035302	2.17979157019978	1
-15.6502524394581	-13.6115019134471	1
-8.03263326222321	-8.49110472487571	1
-17.0681295773692	-12.4628444624040	1
-14.4728828903087	10.0281178236846	1
0.176268400590136	6.41498747743485	1
-0.625991031245091	-0.532542177429785	1
-2.78968492160203	-9.44423463059668	1
-1.77697841797460	2.80824969126953	1
-3.75807406325191	7.71356784677080	1
-2.80673593672507	5.96685529370013	1
-9.32693289503017	-8.79547926487706	1
-1.71078207731522	2.51377332382481	1
-19.4535599323758	13.3507901081491	1
-8.64255624552315	-9.31780444910763	1
-11.0410330398589	10.3715841081568	1
-2.00652265990233	-3.47074397133756	1
-19.9193368800615	11.7653214943141	1
-3.16681962354363	2.58806225949466	1
0.208098426318499	1.67346019726930	1
-19.4873927091315	-12.1301100866138	1
-15.0803909397022	11.3427025294728	1
-7.60514925591093	-9.75459522885351	1
-19.3861976162605	-13.2705409199311	1
-6.09649021740979	8.84999298549307	1
-8.86068672208118	9.58558754138593	1
-15.9502089599803	-13.8387999291780	1
1.61386475724320	1.73472652048937	1
-9.33256313197578	-11.6983703845324	1
-6.70729921339306	-8.63711400013591	1
-4.37217368882756	4.62199942200810	1
-9.09289154855092	11.8637043912727	1
-5.35508189984298	-5.53922893232168	1
1.98098192025020	-1.31705336995170	1
-1.77637870692660	-1.60818189089887	1
-0.434372423771530	-3.49722271813037	1
-19.9409526309085	13.1960204636993	1
-21.4069536087218	10.3056068737847	1
-2.37445358976765	7.72865346161922	1
-4.66998829095847	7.59139524002595	1
-6.44323474271082	-8.38454008558482	1
-1.12677960119912	7.18904642458681	1
-3.17637416832384	6.40581210956194	1
1.13596146419726	-0.737798058365320	1
0.989346916115707	-4.63984140511872	1
-1.67289458022986	5.79849520171630	1
-1.91705425226577	-3.90539686736218	1
-2.67255955924508	-4.23964993791700	1
-6.65066712234515	7.94958948478117	1
-5.88937084314627	10.4671036514909	1
-14.5326544625866	-13.2237672708548	1
-3.98779491051177	-5.24109039215748	1
-3.58634530609216	7.64072422946881	1
0.102463257747394	-2.05000835808891	1
-4.25593350297684	-8.32504111389982	1
-18.6227737783720	12.4090684543230	1
-15.1887087152388	-9.67300427155295	1
-5.41766916899847	-9.40436066034710	1
0.688700470670736	2.76896978422508	1
-14.4236496198900	-11.7668861415863	1
-17.2175470047186	12.2061727143883	1
-7.88617231504635	-8.09941547442349	1
1.36382528386737	-2.74906044998150	1
-1.65190692871949	-7.44692274478771	1
-1.75573151399109	2.85581889113584	1
-10.2835046048090	9.04045559183891	1
-5.57611676542714	7.86919897283758	1
-1.61323985435576	1.69910827470131	1
-14.0568009955304	-12.3554035664761	1
-16.3172514290928	10.7473470926551	1
-11.8972092983973	10.5174041924816	1
-12.5973262701465	9.77577415717756	1
0.0510707855250763	-5.32146374904227	1
-3.38642941207092	3.35760340617248	1
-12.8179380158465	12.1191198100666	1
-12.1956718093832	12.1674558479433	1
-2.47747215430753	-8.10656282855398	1
-1.34736588553635	2.45210292540935	1
-10.7124002838738	-9.74171080151166	1
0.305874948881907	5.25165649625968	1
-3.21622901975560	-5.18806288646423	1
-8.26176930259482	-8.20395163234320	1
-15.9665537856964	-10.8367460054046	1
-10.6831159869831	-12.9008648407426	1
-5.84061413962473	-7.88827353228098	1
-1.67260289034862	3.56726969522898	1
-17.8588260910079	-11.3802713344281	1
-4.68884790985385	9.62370581493287	1
-2.40828840063251	-7.78210027879647	1
-10.1671368694768	9.43536845901478	1
-0.705126036635753	-3.62489852161684	1
-1.97950647627878	-7.10295982338238	1
-13.3931386086884	11.1925968212468	1
-5.82791394982016	6.45541609963655	1
-2.87672620393322	-3.88713201861287	1
-0.584104476408459	-5.37042974286984	1
-2.97504911417174	-5.91848589492436	1
-10.5566385929373	10.9274303561699	1
0.311344434248610	-0.371679889173939	1
-13.7742044315321	-13.4887524836002	1
-18.2819847665702	-11.1786210479911	1
-10.6550146195377	9.11553058498107	1
-13.3372724783847	-11.2343224930847	1
-1.71817582752296	-3.79342492170159	1
-6.42717719779393	-9.31050097413123	1
-9.00869691692620	11.6346001909304	1
-3.49125623035827	-6.21219292894566	1
-17.4831699903337	11.6034728094298	1
-2.49136843494218	-4.19187306177659	1
-1.12637241978197	-7.05189037425180	1
-4.48895113833662	-5.72070033015782	1
-14.5075250553018	10.1967836064919	1
-1.75721694072324	5.67114249303596	1
-7.15183096336279	-8.51169220620711	1
-8.87855482751712	-10.1913417598149	1
0.532198034255841	3.20157348990270	1
-8.26028941426648	12.1306163876628	1
-1.46479146677041	1.12666889354399	1
-1.63715187301307	-6.84584848539762	1
-13.3493933976563	-10.5547471648981	1
-1.56001005615615	-6.90121728178612	1
-9.89155875247170	-10.6052686927113	1
-3.75498073486084	9.11443586546194	1
-11.2285241518823	-10.5518068130795	1
-0.696212090407259	-5.84480946320898	1
0.155598715732087	-2.85250114941090	1
-3.99728979475535	9.60253353923728	1
-9.13117456183465	9.98895313060430	1
0.325698819782299	-0.200028709951451	1
-12.8686789277646	-12.0882239174359	1
-8.18530198468859	9.62179636307269	1
-5.31984842701392	8.82815961596822	1
-17.9126026491854	-13.1081817300626	1
-16.3317997312538	10.0513796146513	1
1.94133315319234	1.08830533553143	1
-1.07189082936073	-0.775478980669884	1
-1.73695228563948	-8.13393180069161	1
-7.28623769297922	9.48289414719902	1
1.24239286882267	-2.41600090850751	1
-14.7401753736222	10.1456851358291	1
-4.45236685146731	6.40615149348091	1
-20.2275516581269	13.1916736789320	1
0.416792009454022	3.45020007563684	1
-8.05540737536150	10.0194815132772	1
-15.6889926115611	9.98579193648406	1
-1.79706534679337	5.32334632709417	1
-14.9234051932932	10.7468016450028	1
-3.90674655389486	-5.96427355302984	1
-9.24998883889960	7.72503234904370	1
-4.12540653768758	-5.89515341970047	1
-8.91507179998174	-12.2806633311341	1
-4.77587737659218	-8.53072877658684	1
-8.33039559106299	-8.17628996947556	1
-3.50067713147968	-4.63284794299763	1
0.0393509993309071	3.73969869039505	1
-1.61104211998272	5.49499663947692	1
-2.39502046117840	-2.59116046927135	1
-5.56024686709080	7.06219325724593	1
-3.66075594780506	5.11654536735103	1
-8.94505008029139	9.07701625797211	1
-8.76848976523386	-11.0210990950136	1
-6.92590909958189	-9.87096101494990	1
0.578180967914074	-0.382820775919121	1
-0.484597312049428	5.69897655641694	1
-4.60247215448385	-5.01341588730036	1
-15.5367670115798	11.8627793791928	1
-17.5839117928862	11.0626032728590	1
-2.74783367815766	-8.21790545516346	1
-1.19888953893782	-1.10024651240203	1
-6.78046825498492	-9.81978445011212	1
-5.37007066641839	6.71060637676802	1
-11.4619358823272	12.0663575913820	1
-0.744037261691114	2.39920923266561	1
-0.288142525444451	2.74012346526265	1
-5.21645974526490	-6.82117706278532	1
-12.2788024073573	10.7459168257307	1
-16.0006161090686	-11.4476900571118	1
-14.9783743813525	13.8092436835992	1
-3.86354507021992	7.39863481262005	1
-5.48542424054734	-7.08690721541282	1
-6.11075231551704	-8.27957676469757	1
0.688424052074183	-0.603513595390381	1
-14.9594347562769	10.8784719526957	1
-11.0121567701003	-12.3354969160905	1
-0.0449360346642806	-3.22542016912868	1
-5.74796175164334	-9.44125829304747	1
-3.07321139285230	4.55383761080060	1
-6.28076783829011	9.24372527208904	1
-5.73395425051665	-8.60820091677759	1
-8.56147771825523	-10.3467449732429	1
-10.1388914640565	-11.3561267709543	1
-3.89730740966814	-6.02858707838383	1
-10.0109010942000	11.2128505334603	1
-8.85641754117109	10.7640885050517	1
-0.964119380562214	-0.988023824955385	1
0.688646788802911	0.258897662508146	1
0.831890823894275	-0.696088866676727	1
-9.25853925665947	-11.0958923684257	1
-13.7678284532247	10.5256454723616	1
-8.88405071119361	-9.33624069137309	1
-16.9685299051479	12.1935861027224	1
-1.73381714516698	5.13309881225240	1
-6.62282260360756	7.96945258744523	1
-0.433728993783399	0.0850720792292616	1
-0.298077356488649	-0.795715825667291	1
-0.968766419043191	-0.993678003431085	1
-4.14440628767899	5.60108426966808	1
1.27250747126206	-2.40290452182114	1
-5.04500238566527	-7.53418054078323	1
-2.54089278534372	3.86613808722474	1
-14.5517617211813	-12.1898349505174	1
-14.9574550250810	11.9894979738404	1
-17.8728688507629	-10.7339057801393	1
-5.36654090658375	-8.07481077024052	1
-1.17361097776466	-1.99469861280158	1
-9.44778182826807	10.0968112300847	1
-0.720305976299936	-6.25233042143043	1
-6.83682772772357	-11.1543691674654	1
-7.08559682711122	7.94961153397337	1
-17.4251730665752	11.0414455615750	1
-1.00714232995939	2.75552329124389	1
-3.57959671251805	7.42080764219593	1
-6.22106930047518	7.31945679351683	1
-5.36989922364865	-7.21329031630830	1
-11.0936033941251	12.3702120647128	1
-3.60306494461576	-5.51232658008393	1
-16.5440563496471	11.1674573172882	1
-16.3152740850807	-11.7169904289289	1
-1.86436495366205	-4.62556910361512	1
-13.7866871380791	-13.3294923425680	1
-11.5275027178810	-11.3388690922562	1
-12.4897409838165	-9.31694958796760	1
-12.5670031564342	12.6124080194061	1
-4.13670183855562	-6.21416512634042	1
-0.563878182587096	4.56965415503036	1
-2.16288623964754	2.97955646023727	1
-5.68139610683748	9.33698191740867	1
-9.53781266562387	11.4982165960950	1
-5.14016655666213	6.40318301964960	1
-1.92587593569150	-3.26965550157399	1
-0.820931167982908	1.37446520942769	1
-4.80126002390834	-6.57988005327339	1
-10.1764562893842	-10.9067675856477	1
-5.86351780648713	7.78404666857446	1
-17.9771704644365	10.9275312254047	1
-19.6647665823524	-12.1200962106677	1
-11.7570766883493	-10.0592843557310	1
-6.55933020681463	7.33196775657724	1
-9.37276200123465	11.0927506704086	1
-17.3348701203828	-13.6856011786649	1
-6.17599727265439	10.7897935605636	1
-7.05780841415609	11.0873224224658	1
-13.4324688369893	11.4058871977966	1
-4.36194711742985	8.04746517458781	1
-11.8314391935839	-9.47564069383908	1
-0.742588201450177	-0.729896652151008	1
-13.2882326334778	11.6809042096117	1
-16.3695556775624	-10.9157589345038	1
0.352958697996348	-2.71580405484576	1
0.628262578940942	1.72082345508379	1
-7.42797853171699	-8.49729783490693	1
-1.49372702214906	-0.565776616156299	1
-12.6715548759554	-11.0918878854718	1
-3.09955531859302	-6.98693612019272	1
-4.69985238044495	-5.76657688752016	1
-2.62455849411213	7.37349830245630	1
-17.6131539769912	-10.7936740879896	1
-0.297563186963064	-4.30563634097905	1
-0.504788284948077	0.604959934309788	1
-10.1728082355727	11.7733733999082	1
-2.23418671010845	-1.01369756911769	1
-3.59406629240358	-7.45775504103141	1
-0.721448382229896	4.60094347244826	1
-15.3574311510298	10.1452940713699	1
-7.52134304209578	-10.0847609557897	1
-1.50869582336014	-5.01699341266256	1
-3.55146691148192	-7.70135118416763	1
-4.32798777522008	7.14498870390970	1
-12.5520245451078	11.5556907497607	1
1.38212329076140	3.10679065837053	1
-8.00895458932890	7.33150691676554	1
-5.90203610611816	-7.65256364069472	1
-0.887590424755974	-0.254728804814857	1
-11.3006234379424	11.6944918926122	1
-10.2154826347800	8.27434833222415	1
-14.7193072693997	-9.53084742897367	1
-3.45754174172480	-4.92780226198669	1
-1.02849588277320	3.83066045199769	1
-4.95612162813015	-7.62109326598792	1
-9.42323489706173	-9.77675530118361	1
-13.1806653222600	12.5244826862317	1
-11.2198675096334	-12.1562202023356	1
-15.1711846840174	-11.8959847152365	1
-14.1683234402902	11.9790990827123	1
-3.73677011836046	4.77071422618061	1
-10.1123322472491	10.6923872504133	1
0.986304311491411	2.65608404925276	1
-7.60926988311565	8.13415325636306	1
-2.13124548944256	4.05704513646610	1
-6.86855550905709	7.04156776423966	1
-20.7322329382791	12.8209052425189	1
-18.9166644352981	10.5718719950546	1
0.924430880792959	0.594145291720475	1
-0.546298271519981	1.04684760702407	1
-18.8311238585892	10.8874542728118	1
-3.15989025353691	-7.99574754734921	1
-17.0786271509630	10.4496498255687	1
-1.93057181621359	0.669672118784785	1
-0.544305063722976	5.73627730117928	1
-11.2094154773575	-12.2235491725004	1
-2.22065844808072	-4.21572996134162	1
-7.81521269743687	-9.75600905034478	1
-21.4242754610029	-10.5737103056205	1
-7.43427521615493	11.6650441007163	1
-16.0357706615545	11.1492784066293	1
-6.06611281021189	-7.96479263169099	1
-3.43380898339220	-4.45154484285884	1
-3.33995693000066	-3.97712267031201	1
-1.38740215212189	7.25605746749063	1
-11.7196452132037	9.89452862564320	1
-5.52971800882779	-8.25416046521038	1
4.52762888255009	-14.6441580321985	0
2.46687848727641	-15.3486271140583	0
-8.25486164201797	18.8128980481110	0
12.8494491604075	4.18194060384710	0
-5.01968941007461	-17.9609745733902	0
0.123170424946951	-18.4855806037071	0
15.4793309725454	-4.48701438817913	0
1.20231656029612	15.4249578518170	0
11.6367751631943	9.06516750408717	0
10.5324169243013	-10.8740751987051	0
4.01348619795514	-18.0488693464194	0
14.7034116629597	-6.78633182123905	0
11.6466035287039	7.80843945110045	0
12.4905058655347	-6.29407524568587	0
-19.8856243416887	19.8358910731489	0
5.49667382850952	-15.6272744859350	0
-2.92253663977224	-18.2776382100254	0
-16.4995725755317	20.7376204846212	0
14.2938394917390	4.54792758845658	0
-5.08885330480842	-19.1952142687952	0
11.9855443193318	-7.95695436474904	0
16.1304606531274	1.41127088373063	0
-12.2251673686234	20.1146014768295	0
6.56984067515757	-14.4048406110328	0
7.43744363131341	-10.8233470393419	0
14.5785158636057	-6.00479752003085	0
-12.2315410417579	20.5672455436060	0
11.8778289488210	-8.57447043059410	0
-14.9358924200801	19.9293196245262	0
-2.50173242761798	-16.0570750043830	0
-4.79131647308037	-20.1279602954988	0
13.2625535677329	-0.379340389790995	0
-2.05914584789355	-17.4092536352676	0
14.4299271532561	8.06525637304191	0
8.41955799726904	11.6021335715507	0
16.9108896323879	-0.0266965859757855	0
15.1598373383569	-2.46468887181262	0
1.85263116870732	-13.7680483564535	0
12.5064681128510	-5.60602485000804	0
-4.34454307512501	-18.3311992568537	0
-12.6895089950347	-19.3370073296234	0
12.9567003826473	-3.28362049165298	0
6.17005137746951	-11.8500353038447	0
15.8861912247534	0.343165792856281	0
-9.18200949357326	-21.8655465026255	0
-15.0579933219151	21.6298691091232	0
8.90596212325367	-12.3039593665452	0
16.4757885219764	0.750106764599599	0
-13.1068424019889	20.0144617433852	0
5.25364775632953	-16.1778715474397	0
12.5126498491053	8.01396118549966	0
16.4673270910914	-3.60388557944056	0
8.78778675925804	-11.9780636360210	0
6.02513227807568	16.5821854497405	0
8.65600532067034	14.9453090786186	0
12.9063570610883	8.72534782225868	0
6.60896952367382	-16.3029684177169	0
-16.7175275604091	-22.5876170504892	0
13.0664244939389	8.73027507951557	0
13.5422734644114	-5.99597128318932	0
9.62013297942596	9.21736577403930	0
-6.58396258034164	-20.7728987313863	0
-12.8157345400535	-20.2159618147270	0
0.935394851602343	15.7245015023803	0
10.0421263562740	-8.26007867385101	0
-10.3557177478051	-20.0775759814712	0
15.1206934056357	1.19587106031677	0
12.3605145073971	8.43796121559598	0
-9.81965669957764	-21.6323105504846	0
3.85881891347333	15.7880177285266	0
1.89523562711644	17.5056603398063	0
-6.70535047596840	-21.4568008889714	0
13.3480742854382	-6.66225090811610	0
0.639097386581915	16.9634825497185	0
10.5698095270962	-8.68672364867204	0
-8.54809995857446	-18.5415679120494	0
-9.16843607453740	22.0049475451741	0
5.87297882836914	16.0955841283653	0
11.7064135790852	-6.36336937291066	0
-5.68736019986378	18.2019846601112	0
-8.05215564451150	-18.7002719468821	0
14.4107929172407	-4.77855280996061	0
11.9747394665551	-4.98390680347549	0
-15.0325051519909	22.6340123183036	0
13.2342834164401	5.25180183771636	0
-1.65819716663283	16.0390272663844	0
1.11614133783504	-18.2988374964613	0
8.76979878630511	9.96640221703526	0
12.2100727291638	5.98962291955204	0
10.9138139968996	-7.65592825207376	0
6.47552877063979	-11.7066184979880	0
0.513940921907333	-17.0614716340029	0
0.188968980685550	19.6913803592151	0
7.54851340956297	15.9645966633514	0
-9.50236310719545	19.7639664571832	0
-6.24472512976482	-17.4281051013050	0
10.1062357666608	9.95672729190410	0
-4.58778738410364	19.4172920891427	0
11.0245672359132	12.5804741642424	0
-13.2821099703371	20.0445795234728	0
-4.05604945482952	-20.2004267405629	0
8.78121579866268	11.2468456969775	0
11.6798972511259	11.1077829209622	0
-13.6698376294603	-20.5582517560623	0
-1.78805518018784	16.0026388790977	0
-0.115815396225046	18.4421110345383	0
14.6850588639212	-2.19655238990221	0
-17.9128214821583	-21.6161184716494	0
-9.39643376139045	-19.6521754961125	0
14.3826616348189	-6.73828387427683	0
1.41907964180791	-16.5499124817710	0
13.1491869938686	2.60814089746619	0
15.4515677855890	2.39397395114669	0
11.8142256269724	6.34361944518761	0
16.4176386528587	4.18593268476668	0
8.94092408713974	-11.9536859973402	0
-1.79100719343115	-19.0536025835629	0
14.0574542821449	-5.39771475527779	0
-5.28685058447771	-19.3720256301798	0
11.9733224069180	-7.88420082339814	0
2.24858703156184	-17.2583969364697	0
10.9664998190678	-12.5264377818561	0
1.06039743599164	-16.2562836722908	0
-16.9946213389415	22.8299473881459	0
-4.83282254656552	-21.0122318613958	0
-6.56411655354277	-20.3308786753507	0
-1.59685064954138	-19.6520724680599	0
6.61597618917386	-14.2932774548847	0
0.684418479516098	-16.1496076400153	0
-0.445700604731365	16.4645419272843	0
-15.4910198996547	20.4713649302023	0
7.00822940714562	14.1958311706908	0
14.8812702257623	4.34486953401470	0
5.46661807202465	14.5659695272935	0
-5.38882253555303	-17.5287427647269	0
-14.6817276131823	-21.2329874164773	0
5.02235088549561	-13.7948441399684	0
13.5791301541851	1.07000746577199	0
-4.70539974033413	17.5671043018910	0
-5.34341069865507	-18.0959710064209	0
-3.02205144179865	-18.4257407796159	0
-4.65919923523078	17.7087007224400	0
-15.2731897438188	19.7399355940039	0
-7.90108724652335	-18.6649707550372	0
-1.45523984242395	-17.5431497597923	0
-12.0444808905601	-20.0559688333136	0
12.1310256929090	8.91684182888822	0
12.5531490975836	-11.1390306601031	0
-4.08405383073589	-19.7673151633037	0
10.1213070682041	8.54894960757414	0
14.8787852915347	1.04346572230054	0
14.7322367057883	-0.436199946306869	0
-17.6700788939628	21.2107169016653	0
-1.54613088163441	-19.8361350198299	0
-14.8102948452452	-19.6169270454142	0
12.4593435840968	6.47605341277248	0
11.3288899816823	-6.14698268914450	0
13.8470710617117	-2.27193816661338	0
10.9724311357431	7.78327373581879	0
-12.5746274952270	19.8303379541745	0
15.6331545204806	-2.02649512862274	0
5.76748695127876	13.2060249890297	0
10.7757370119537	-11.3286534441726	0
16.2539686859530	-2.76838873123975	0
12.1979536884628	-4.36922922630929	0
11.5374763471552	-4.75138819466574	0
-6.44300673631754	-18.6864578780448	0
-2.46446416204148	17.6902906329950	0
-0.571962582988379	-15.5193532649719	0
-14.4092293468518	-18.8760073439650	0
7.49367790278880	-13.7316073107859	0
-4.45020669748005	19.1155311020189	0
-3.84477323732350	-19.3343121596129	0
0.321034998233242	-15.2574500670974	0
-7.04802250625510	-19.8870247559617	0
13.0222840520047	-0.664347367304998	0
-2.54761167810693	-17.9155413983785	0
-5.23846727816371	17.2675689909431	0
12.1424110447265	-5.28583163489655	0
12.9004343442356	-3.05664920552849	0
-10.6484070898607	-18.6941501585735	0
-5.19544820960209	-18.3143753509890	0
5.47201114479514	-12.2293690675997	0
0.257961627439600	18.2727498824988	0
-0.0250368305990789	-18.9215846077137	0
14.3740820341534	-5.85654617860961	0
-0.979824083326228	-16.8169409226907	0
-14.7207704566161	-19.4478883312640	0
15.9331462234598	5.04306550191160	0
4.12309890307173	-12.7182203299742	0
-18.8678157952661	-19.0702772358309	0
0.531615953261174	15.5228618821275	0
-3.41906322835557	-17.2139354120770	0
-5.16697835847481	20.7813570706028	0
-19.4707669358271	21.7948717691585	0
-3.68784008753128	-17.7575997130443	0
-13.7875229324227	-19.2965804861155	0
-15.5577891023914	20.0427614940356	0
-5.28939168253623	-19.7737594144888	0
7.63386512983319	-12.5632676280126	0
9.09878082728479	-10.5327265887132	0
13.2793351608532	0.898623004156410	0
13.9743034170663	5.17764534258314	0
12.4362653893372	8.92014304820114	0
10.9697929210214	8.22285041910559	0
-12.7102883191533	-19.3524573761657	0
0.744548179041050	-18.5016523266452	0
9.78242139775834	10.5359631161886	0
7.13333343686634	-13.0928154768719	0
11.3093095860727	-8.61007800644681	0
-2.71097565189478	-19.5940610531943	0
-8.46275159400499	19.8916219191532	0
8.15993565886039	-12.5442625120810	0
2.98383125936191	15.1366701019729	0
2.56403140131015	16.5816958120128	0
9.75438261265789	-12.2340080089775	0
-8.46933784011757	-19.7937442719862	0
15.6880209919013	-1.89921250264727	0
15.2421464725392	0.431209643071982	0
-0.534261848405703	-15.8833713462764	0
-16.9671184911062	21.7977511684348	0
7.74425160027353	-14.4198561503332	0
-12.3229072077106	19.8645788580620	0
2.79445744146253	15.6955378213109	0
11.1522918302727	-11.6863539211590	0
13.2730653526532	6.13900801084437	0
6.25335132290762	12.7982754386542	0
13.8650107006975	-0.968308107317264	0
-2.94650522182995	-17.3962044014857	0
12.9935247464334	6.64109861650184	0
15.1243744318391	-1.81476230339491	0
-4.99947685698757	19.3180925091425	0
13.3635564592249	5.56752099858456	0
-16.6185882501990	19.8754650290334	0
-3.51197873077482	-16.7233825694775	0
2.39917594918099	16.9577976649907	0
-11.3700831547508	-21.5878519249849	0
10.8494286370215	8.23522236489361	0
-2.47638143080827	-17.5174849477903	0
13.0525267688059	8.82501285568955	0
-1.90401681998327	17.1044640583058	0
14.3753241359119	0.311260627213738	0
6.17293420502536	13.8547187911002	0
10.4850900353539	10.3715438843472	0
9.82646701431787	10.1874286542946	0
10.8917960712897	11.3301973079723	0
16.1332949145960	-0.419148492320432	0
-5.26063239572199	19.1060289003108	0
7.17134447978233	13.3183370518866	0
13.9271263009814	-8.04894473383586	0
3.16246247198116	-15.3520453968325	0
4.88054447979616	13.9072158051629	0
7.09072440129152	13.5203717031012	0
16.7659189647801	1.01281978259006	0
-19.3518296853322	-22.6550660742246	0
16.3620260286420	-5.09055013553390	0
-1.74432997798041	-15.5273323909288	0
-10.8653808629277	-18.6075365633901	0
12.4304777101472	-8.38228743778043	0
16.4547121146121	-2.28387123863809	0
4.80677978227698	-16.5825688262103	0
11.2234087119038	11.0767888564871	0
-15.8425623441898	-21.3776812011070	0
14.2502599914418	2.55512603789272	0
-13.4665685817034	-20.8409591081541	0
2.59870277544806	-13.4773022162835	0
-0.0671968226729183	15.5436710051189	0
4.09847019464658	14.2579900444925	0
11.1215086956878	9.95703529196755	0
14.0714119752426	10.1679952838866	0
-17.2519488304590	22.3823516584848	0
-2.86540679325944	-20.8606957421344	0
5.46933581752035	15.5889022278597	0
-1.35761562612739	-18.0823220505730	0
13.8526873071816	2.20276777838867	0
12.5634153092783	-6.97661628200068	0
14.2562774402331	-3.42456494528950	0
-15.8508625044861	-21.4168490604202	0
14.5116799626876	4.33649271270168	0
13.1052224432284	5.27792020330287	0
11.1486484220079	-6.90384983663566	0
13.9160445916684	8.06801492121364	0
14.3155903948565	-5.54759911693699	0
12.5734182762077	-3.94288964466435	0
1.54279001906672	-15.4068197550529	0
-19.8933303679250	-22.0611551163674	0
-17.4054661914953	-19.9861828665920	0
-4.95155945462498	20.8539160894645	0
15.2658822187079	2.92265493829948	0
14.6883350625904	5.23363819796938	0
-1.10038430435422	18.4810659730330	0
5.72766219349399	-14.6915918496475	0
-17.7017262050771	-20.2314908708323	0
-3.00908360208239	17.4910321492451	0
5.35601284754572	14.1130475977467	0
-6.54828754373364	-20.7104847387954	0
8.74649944302556	10.8969042273977	0
13.5977456396612	5.53676200088603	0
6.00283210272459	-14.0118098165595	0
-5.51912995871668	19.1978676427811	0
16.1280107947598	-1.70047746205676	0
-6.25266041303255	17.7660317491958	0
8.88044841955955	11.8939358506888	0
3.64098105426870	14.0226945617012	0
5.21924670735179	-12.4665066050925	0
-3.05741591405872	18.3451622513094	0
10.4986897129229	-11.3002540524429	0
13.3254785189952	-4.89394959575520	0
9.52442526124818	-11.5548577734305	0
-7.28470307349677	-19.6009226760504	0
16.7131151153736	-1.34382370623935	0
5.83081224220448	-13.3797919210207	0
-0.176358962743652	-15.5042784689038	0
7.82472868205630	-13.0816251979145	0
8.18277560293350	10.6086814122458	0
-16.5751494659470	-19.7361086128366	0
-13.4043070638779	21.7523607876473	0
12.7477370280915	10.1066171487696	0
-0.900523356570267	-17.2635412213963	0
12.2712852109171	9.83460811556449	0
12.9214361593111	-2.66398940846689	0
-6.39053904785161	18.5985413945331	0
-5.37611221684560	-19.3725206807979	0
-11.7207082112740	-21.3914010041166	0
-19.4136798706819	-20.5860172804262	0
-12.7484175789699	21.7480311733701	0
-1.12118099810431	17.5556743727404	0
15.1288464734400	0.220762366681086	0
7.35009021915863	12.0122699797711	0
12.3356086518399	-10.1070883858110	0
-2.69351654365394	-17.1924161311461	0
-7.71766734264769	18.9336093892045	0
-19.3031532136211	22.5412084842581	0
-20.9373928515424	-22.0251036610231	0
16.4432835559442	3.55956891215860	0
-14.1106880149785	22.3712222222922	0
15.1663676960845	-5.53627776693760	0
2.65234785978138	-16.1620089725229	0
0.586256459087535	-18.1192563943958	0
15.5850594331913	-5.90455395344874	0
10.1185157192368	-13.1403920452231	0
14.8779738068022	2.33446582049641	0
11.0614973441433	-6.58335494786213	0
-14.0603776600318	-19.4765567527934	0
-18.2189049285736	-22.6889704575742	0
12.0614518065435	-6.42334560107563	0
12.7303612051186	-4.99878882484089	0
9.83823538947476	8.15040959718970	0
11.6788288674814	9.35462181685356	0
-9.91515984881547	-20.3727567085939	0
12.1417453558418	-11.4360977787774	0
14.7680594641418	1.68136317185347	0
12.3033220435362	-12.4119514404060	0
-7.83251017624492	19.4323975933898	0
-14.1061784235896	-22.3229963443597	0
13.6112735289101	-3.16461545571323	0
10.2084963453162	9.09167792386734	0
-19.7989511046793	19.0243302358731	0
7.98221309887030	-12.6800801768396	0
-18.6192001411373	-20.5267416037439	0
13.9236502608298	-4.81347867091294	0
11.8652960116942	8.81261270069095	0
13.6039032992195	3.87093612394069	0
14.7707711930390	-6.32380057650842	0
10.2960879050048	-10.6279305282605	0
-0.725938925753336	17.8580755535892	0
-12.6623684456029	-20.6687217814470	0
13.8360600502863	7.07800094932933	0
10.8589207370833	-9.68464325850283	0
-9.84377151832889	-22.0436060551999	0
14.8377547820356	-5.42066580825955	0
7.34176310477456	-12.3931777779207	0
10.3139475033010	-8.62948162648716	0
4.76251588741505	16.5541688745701	0
-14.5793780082856	-21.0728594481428	0
15.0011535482971	0.502334725332624	0
-9.61443028719222	21.1960242321207	0
-18.0314583662940	-21.4444115408790	0
9.48935900415841	-8.51489493281724	0
11.5398862481238	-8.45347364182337	0
-10.1918010134256	-20.9343719324380	0
13.1329454259793	-4.66391441450151	0
10.2281548263879	7.85925935780839	0
-0.249118234368500	18.5024215077807	0
-1.53927641263761	-18.2176706069524	0
10.6718995498957	9.18948473338202	0
14.5405887024587	-2.85657223696889	0
13.5332749813804	-0.174901852172872	0
5.02836189506866	-16.0862013977298	0
8.96785995419580	-10.2888193746002	0
14.5106336258070	4.42228331695639	0
12.6733615789939	4.05553778933017	0
4.42735130993882	14.3703468625005	0
11.1431477690057	10.2902390739772	0
5.81779643239210	-10.9971098931411	0
12.9464393985819	-5.88141891235666	0
-12.4850815323985	22.1360019703584	0
13.0794944346870	-0.142012488067832	0
-14.5041955173196	-19.2604322198952	0
-9.66182224047191	20.5498488535063	0
-7.38820814600116	20.9192498272280	0
10.5778053945959	-9.41546188331495	0
-15.4778884860244	-22.7546470774963	0
-17.2254173049444	22.2792969170913	0
11.5915372359997	10.5712098433605	0
-11.3323530329270	22.3260290307361	0
3.97514715586383	12.6261423442618	0
12.5689134676991	-1.89284625177303	0
13.5127758016909	5.21545382425850	0
12.7760078521492	7.64762718857190	0
0.285566011731024	15.0621593763505	0
12.1912530710667	-7.18251883492801	0
14.0438379182156	-4.24696936127188	0
9.99769259847492	-9.45095173520399	0
1.03030873338620	-15.3399869198562	0
7.48752798286427	-13.6343757166438	0
-16.3992831899843	-21.6752651437462	0
-2.93175812499372	19.5233808265936	0
-14.5711675641290	-21.0221898370687	0
-0.520865397392269	17.7416874720807	0
-4.59182426415808	-18.5219797417019	0
1.68574847061413	-15.1878962327221	0
11.8468691454638	-8.58264159759459	0
6.35646336996108	-13.9900969695076	0
9.73902193874971	-13.3982072585968	0
13.7404793872825	-2.81933749608275	0
-17.7211652095492	22.5065663400980	0
12.8577628567655	-5.08197981953601	0
12.9096850977812	5.19023581986516	0
6.83890397652056	14.0976750481061	0
13.7601560535167	0.847308888832851	0
-5.47750372833189	-20.3348494487864	0
13.7556712759842	-6.52127647364893	0
-17.9033891245954	-22.4993001347368	0
14.0716989473610	5.27064651629533	0
-1.61502990939644	18.2569783985996	0
11.0157729844257	11.3888756876289	0
-6.06318894388551	18.6721205620199	0
8.99389292708422	-11.2009319271221	0
-4.15812525331009	19.0663169865985	0
13.8140958870767	0.651706436287035	0
-11.5821191728977	-20.2145962830789	0
12.8209740699327	3.39474612718277	0
11.4399160230199	8.21672089323955	0
-0.501373156617184	15.2901385166095	0
3.79448706905920	-15.7742783191031	0
6.63172001647311	13.7251845912067	0
-17.5162756266290	-19.2149907088042	0
-2.15689471651274	18.7635030092096	0
-21.6448321272892	19.0579646804881	0
13.6464289528889	-2.82364254097937	0
-11.8535194853176	22.2446349664323	0
10.2262969097875	9.91949816293806	0
14.1048370140345	4.75280330772875	0
3.00481452515664	14.1025887272037	0
-18.0300789100936	-19.6511638982802	0
12.7951310937224	10.5256864875944	0
-4.81149325219836	20.4420294678373	0
-15.4511689220719	21.4074946279317	0
8.54587786680563	11.3358272840452	0
-2.08475796175909	-17.2307539319586	0
4.87306206305126	14.4690718171283	0
13.8134071333793	-8.39848353500297	0
-18.3421393304655	-19.7206492643929	0
8.96618266909382	11.3061484993364	0
13.4880297160111	-6.49171646588490	0
14.0063365253772	-7.54972373316387	0
11.7559030292151	-7.58700201287154	0
-16.1324258290502	-22.0955061505690	0
1.88502874650394	-16.4233800902514	0
-19.5871559895959	20.0489748582243	0
-16.6317724043384	22.4326329158571	0
-14.5673337529073	21.0115615581561	0
12.0732933028143	8.46642339115920	0
14.2083959370174	5.44511313010991	0
-1.01941647491514	-18.9402271599628	0
12.3023895673016	-7.23544863283338	0
-18.6884783496340	-19.7914745249446	0
0.148535846535709	-16.0069734281464	0
-5.30026732569195	-20.9191378735544	0
-1.39192547133770	15.8700270707737	0
10.0492343491583	-10.3620519077402	0
-2.56430530590310	17.8217225798963	0
10.5705600425679	-10.5059497772986	0
1.06801736324571	-19.0346605292654	0
8.95267042103105	11.0612329948338	0
-3.95368423919874	16.9700907058313	0
3.91735146626024	16.1075522129201	0
0.121907351717094	-18.0187685727137	0
13.6630533403562	-3.99238807713436	0
15.2942050560971	-4.28401063305004	0
14.2543608674385	-6.63788991983803	0
13.0761327054163	0.706222500326395	0
-3.90609135502517	-18.5622567000297	0
15.1258263609504	0.477762861899351	0
13.7589622606796	-6.24556344234996	0
-19.1747308603318	-21.8816238285030	0
15.8717177132366	2.10777366830102	0
-0.462028269175766	18.0773397746897	0
12.6714881647815	-4.42183753878906	0