1.04729886490011	-4.41387116337127	0
9.36994860775919	-2.77561929218048	0
8.27818253304476	-5.77782598063153	0
6.18232084618636	-8.36761291143008	0
9.56745329111397	-2.31161054881866	0
-1.58374250400597	-4.66723278666912	0
3.18957792751047	-1.79285052935640	0
8.60018182384948	-5.13664081054267	0
5.42988106071933	-8.85037167894063	0
3.43425121730454	-0.659682970969426	0
-3.47634378802521	-3.93157947698199	0
5.89992854057970	-8.50826285563995	0
-3.86509298845417	-10.5149629537668	0
6.88754282526264	5.67096305160381	0
-3.67026901542885	-3.85636784266322	0
-4.22755222131629	5.86935305789238	0
6.13139468044693	-8.19753028180035	0
7.85703979088892	4.62980066537300	0
2.82261471938758	-2.69963902596544	0
-4.81589132546659	5.30332384048861	0
7.39793557403164	-7.06048810422242	0
-4.10289688676650	6.02187682032453	0
2.26044718143515	7.95504998177250	0
-0.422582364100084	-10.8709711943456	0
-4.87950612859423	-10.3132985542933	0
7.29892154048037	-7.30348569304695	0
-6.28109391627786	1.11424557173170	0
-6.17878656330716	1.39906797300050	0
-5.01163423360359	5.06239014316561	0
-4.14189510397287	-3.60467097929165	0
-5.03396338832366	-2.61332262765117	0
-6.07239728690779	2.19157468302931	0
9.42142031512023	-2.03146215396370	0
9.46494377219137	0.770022046182596	0
-3.28441892456335	6.73527965792613	0
-5.54226653706391	-1.60871782948399	0
9.48827859201350	0.153070689856663	0
-2.27716466600447	-4.56254817118387	0
-3.15817603765486	-4.20393092402178	0
-0.834437683450992	7.82359220125807	0
8.56866129939773	3.37204118270281	0
8.15855356393018	-5.96458809453568	0
9.25299686323784	-3.68057083334210	0
-1.22446147659516	7.75025430911010	0
9.46545875340110	-1.73027580550105	0
-6.08219107354853	-0.699484864372720	0
5.57706214690052	6.61652373402397	0
9.53376993362678	0.549653711380172	0
7.72958058283770	-6.60448067152800	0
1.45963936313940	-4.02314045589382	0
0.0505722719197407	-4.63047392193959	0
1.94124062666183	-3.72381640770402	0
7.91081416561059	4.31538860246629	0
8.57055738551102	3.16956971722009	0
2.38102885079852	1.37529700604403	0
9.59319543023030	-1.98387839084846	0
6.95110249274010	-7.47679482617769	0
-1.17115499159877	-4.71165096212468	0
-3.39123264974584	6.61148798295735	0
2.73086637853866	-10.3006401371916	0
9.10387176172400	-3.75757603146079	0
-4.88827016998087	5.04096338933567	0
7.77658848365343	-6.62934177974546	0
0.772074998054545	-10.7415422894021	0
-4.77658883383251	5.28571813970363	0
9.15794665458722	-3.49160470050660	0
0.550328769537346	-4.51491809194561	0
2.73626640640649	-2.85754018016398	0
9.11930650716742	2.17168209386421	0
5.67891954742241	6.64422514774108	0
4.85922364567965	-9.24732778353078	0
6.24374946280988	-8.25253885285810	0
-5.54725907140452	4.05456399312258	0
6.60119836011707	5.98709999566835	0
7.26887361493905	-7.18568728151410	0
-5.97184270093041	3.15038332840696	0
-2.06421199037801	7.28256978864764	0
2.78373898154517	-2.94700244998881	0
-2.11248169592618	-4.63485665808699	0
9.34917239674823	0.857286825433209	0
5.87206874578715	6.56462080066530	0
-4.38003656579511	-3.28871407133925	0
1.95313107480784	1.75185923456723	0
-4.55112706792831	-3.22471414754590	0
7.38656628627388	-7.00703994036463	0
0.522438392094196	-4.40357501911020	0
0.314362350071296	7.91512872830143	0
-6.17898557200092	1.02173675727611	0
8.05732737075168	4.22752320393983	0
6.47888534428122	6.03797595325410	0
-4.71572938198672	-10.2362869309664	0
6.49593731404762	-7.84873821364192	0
-2.31508361009720	-10.8438256026041	0
8.89913097772847	2.66056098048425	0
7.85420575431272	-6.33481100575149	0
0.146467069936198	-10.9618207321424	0
3.33643220981284	-1.52171183838285	0
-0.906440634003505	-11.0174947489132	0
-5.93572240516821	-0.820831687811228	0
8.77413345112190	-4.72055002966999	0
6.54309065804179	-7.97810319075148	0
-0.604344959310719	-4.79277360802650	0
-3.18452897896889	-10.8187197787089	0
-1.64084412322562	-10.9970605174369	0
9.51157911202268	-1.67385617042698	0
-3.80576222425809	-3.80186886755549	0
8.53859645321652	3.35478849694098	0
-3.07213370460931	6.77631908626893	0
-1.81494630634692	-10.8908680330987	0
0.636172129603223	7.92174983363231	0
9.07592105690197	-4.01167004030628	0
9.53403598072258	-0.651401174745830	0
-6.00415398735643	3.14885412867959	0
7.56029008702274	4.98249480816007	0
0.730223794160100	7.93851094745996	0
-1.41371633226212	7.68122425767629	0
2.06994979008190	-10.5153675029740	0
-2.84410738370906	-4.31122152875325	0
0.821108625383207	8.02956894502645	0
1.76105787006494	1.65750545298389	0
-6.10653381071518	2.59147041525433	0
9.61080509978648	0.170092312645752	0
1.08079371961247	-4.41269668095123	0
-5.83542238303475	3.08804296209559	0
1.11170369267490	-10.7706212074581	0
9.04578686540570	-3.82270519371660	0
2.10360083167819	-3.59875337334851	0
-5.31773789530535	-10.1238395999669	0
-2.72784206068079	-10.7212473356428	0
-2.98139755349828	-4.37058694070853	0
-1.31592889415891	-11.0076286747121	0
7.95717035580326	4.19865810955524	0
-1.65532215334902	-10.9896763916730	0
-3.92513093264870	-10.5028839886109	0
8.98892234850358	-4.08667028788500	0
-5.41233929391783	4.36854023683685	0
-1.49530385596205	-11.0022369261677	0
8.80873544542681	3.02807115095181	0
-3.31509685858615	6.73347810222286	0
3.81174614489306	7.62243691220944	0
0.595418922315607	7.91198731335217	0
-2.10865014448180	-10.8658306969106	0
4.35657190592967	-9.53001043209194	0
3.34020016566375	-0.453355317055785	0
2.28798423534892	1.50525562448704	0
2.11100209639414	-3.44418484737945	0
9.48345209336678	0.785937498015649	0
4.56951307183850	-9.42816301639575	0
6.64026735503184	5.76112527103802	0
7.48029708769443	4.87320819876231	0
-6.28184667986469	1.12032431735141	0
3.72014033465219	7.58566645689722	0
-6.13638293823880	2.23595509695239	0
-5.87338009252111	3.25752816554322	0
-0.363061082996926	7.78454501117996	0
3.21306935467087	-1.92222452772921	0
-3.26622500110420	-10.7354101303688	0
-0.785247503428396	-11.0151588306835	0
5.60458832936312	-8.89179994978662	0
8.67834411258369	3.18642221196125	0
4.73429866757822	-9.42460654556733	0
-4.20949745580878	-10.4606189045247	0
-5.59946718299963	3.84009537452318	0
-1.99474686700059	7.36873995543114	0
8.22153982228754	-5.86062697371888	0
9.59571888222601	-1.16133910185762	0
4.02976767215416	-9.77254522243399	0
-2.85156761945104	6.91807132036102	0
-4.70736858509117	5.28749517416308	0
9.02883140833314	2.35081744235032	0
-3.20214829280216	-4.14661576544165	0
3.27815286915344	-1.23307819161682	0
-6.18615978647333	1.31044556689890	0
-3.89434517352277	-3.62795023962192	0
1.89671220426161	1.75308517308057	0
6.35650465731414	-8.14335700006572	0
7.87685406148722	4.46633103462810	0
9.48160185935979	-2.66157317051431	0
-4.22354066294925	-3.42241659357747	0
-6.25799692003407	2.15916197203075	0
2.76277883650630	-2.95510535101324	0
-5.59062361102127	-9.99503248406011	0
-0.0765373372880718	-4.66050657136058	0
0.809961908167466	-4.45848110035539	0
9.47867152553902	0.608991097139389	0
-3.77964026340729	6.37797070467277	0
0.652272184603456	-10.9209341877036	0
3.74256061240951	-9.80108356422814	0
1.71593368760329	-10.6456521535153	0
8.02582435104262	-6.19833281789844	0
-2.32762110877578	-4.57617252668665	0
2.51420863432811	-3.21897250140736	0
2.46423851501721	-3.26270766451006	0
5.36854136460904	-8.97262004843420	0
9.59652441919328	-1.83818110864915	0
-4.64906448967300	-10.2177778021861	0
9.64379461584765	-1.13764772272424	0
-6.16900923747200	1.66345789781374	0
0.753120345733066	-4.30037476074925	0
-1.82377327074842	7.32156972436577	0
-5.66614820399545	-1.40953438586243	0
9.58649055807459	-0.299630465730029	0
0.420745404358353	-4.44895117477484	0
6.53791108810385	-8.01239085388148	0
8.90129509455489	-4.28148021631602	0
7.88764120872449	-6.27623393391823	0
-3.73548805311583	-10.5232867595081	0
9.57585938356136	-1.55377636307612	0
5.86614031114958	-8.52144569878284	0
1.09485411805924	-4.18318480083435	0
-2.47032588068409	-10.7605093635581	0
-6.11856203352252	-0.204628399854779	0
5.64966472806453	6.56322911396778	0
-3.42241300695550	-10.7271204554279	0
-4.99245104688743	-2.65101259208116	0
3.29070290097227	-0.885971293378249	0
-5.14651004598420	4.57887852574720	0
-3.86991108126267	-3.82990676793900	0
9.36513934289224	-2.46989418302648	0
-5.67627148075282	3.49089262514871	0
2.45619569672127	-3.16094058314403	0
0.298147134941623	-10.9267859200320	0
3.07835262904601	-2.11080121516217	0
-5.85832530998229	3.22527662551702	0
-6.21864158730197	1.10388764622255	0
3.28634742972626	0.258860713693373	0
-4.26720561183703	-3.31135818748308	0
4.58410706424301	-9.40619287431988	0
3.31153668973670	-1.10039052056864	0
3.23345699632307	0.251081737723971	0
9.65082723429175	-0.509237382797966	0
0.972378029165500	-4.27600099168506	0
-1.50396971366186	7.51274314686331	0
1.06130235498061	1.85981744015069	0
-2.06148618963001	7.42577451623010	0
-4.32788595558391	5.62840282667901	0
9.36020109630536	0.793291164209390	0
5.89581607184605	6.50288836703063	0
9.29565175794224	-3.21977772273997	0
-2.08292343381226	-10.8882018640657	0
5.57312064574683	-8.85796580127721	0
-2.00829180957055	-10.9138039060123	0
2.96813825781335	-2.54645079475787	0
-5.17159402985678	-10.0969255105799	0
-4.28041642059492	5.82379344156837	0
-5.70790284720359	3.46655788246791	0
0.472036513380410	8.01015314744543	0
6.03663927497035	-8.34419807844762	0
-3.16061212738738	-10.6379395617342	0
8.23483599459530	4.07643097312772	0
-3.68217875342027	-3.78072030963504	0
-6.06574462024632	-0.666233101013259	0
0.562253740745643	7.93753434890206	0
-1.87610777448605	7.33679965499167	0
-6.31285696924880	1.00715430437537	0
2.79696615980338	-10.2609562249741	0
-5.76273513990275	3.59620062031272	0
9.17490722664973	1.83899841771834	0
4.95832470064849	6.97932105340649	0
-1.44087890297592	-10.9471279430506	0
9.51084100004001	-0.150977838147231	0
-3.67338095180969	6.30855208679182	0
9.57866042707383	-0.791211595449617	0
-4.40905751423149	5.73371566459960	0
0.759004283694066	-4.37695661564065	0
5.25350413594708	6.93354638988012	0
2.22192898976187	-10.5590944162814	0
-0.550274907057515	-10.9054002231380	0
7.81042725397583	4.48857282933084	0
9.00959460820734	-4.27767613296633	0
9.36349449158246	0.775109127899274	0
4.79348089067254	-9.22351352789373	0
-0.105806929911681	-4.65764061339032	0
0.165113202032804	7.92309068782540	0
-6.09905074919487	1.96204856209132	0
1.84245162785033	1.64592226357789	0
3.92552376296440	-9.75531482950620	0
-2.39546835773323	-4.52501818716884	0
-4.07730038952313	6.03969163981130	0
1.83653960945516	-10.5205294745240	0
8.41217817020875	-5.54827094631688	0
8.62348887235230	3.22085072466085	0
-4.62459936252238	5.32894807453183	0
6.60014768762655	5.88184636554559	0
2.79232415886846	-2.61627655103733	0
8.26181328904342	-5.82744893539568	0
-6.29078123812088	0.966235190655159	0
4.93546098241095	7.04520167537152	0
0.433271342982659	-4.42330303067996	0
8.70080882170787	-4.86486346124240	0
0.192325937868488	-10.9285161555469	0
3.51179527341675	7.70887718581073	0
1.37724076468336	-4.08791214157611	0
-2.58511637602795	-10.8075067189001	0
3.11787375935375	7.75353062613041	0
1.52802985844245	-3.99134109288357	0
-5.43376009233607	-2.07204960639816	0
-1.39251603113477	-4.70676708866978	0
-5.59020004209330	-1.62050720155979	0
-3.84238248040498	-3.82191477510641	0
-1.34466571756117	-10.9888490804677	0
-5.85211665398283	-0.797044680252519	0
2.80700586724270	7.77921516590450	0
8.15518056754173	-5.89291634693737	0
9.28734904108839	-3.09004433981406	0
-3.26223219847464	-10.7631535558576	0
-3.78228186309045	-10.5833446304347	0
8.69803183361212	3.03432291062278	0
7.43937894699947	-6.93886796756827	0
-0.733527997895307	7.76472014391464	0
1.98268085571469	8.01612117296666	0
-0.236316037474449	-4.68712158938505	0
9.28899596684228	-2.83254367686196	0
-6.00111738203339	3.06255492406976	0
1.48219766735913	-4.12660823953693	0
0.120156645400843	-4.52578317819215	0
8.31365918595171	-5.52960513756070	0
-6.21914462996224	0.322759543806257	0
6.70611258319559	-7.76376027868985	0
-0.436475229543472	-10.9093975343817	0
-3.18599566077086	6.59595233608402	0
5.64332721600458	-8.67134610998902	0
1.97777187976896	8.01008882435953	0
6.51130330155602	-7.90115543958560	0
-4.86697187208960	5.10150089657922	0
-1.85608913955721	-10.8902244081747	0
-5.02062777861566	-10.2332715431737	0
-0.748543808662426	7.75000533933487	0
-5.74145237431770	-1.58482264182663	0
9.19389683172465	-3.52250402520701	0
8.89046208398887	2.44106758371414	0
-5.26364469718871	-10.1595079570186	0
4.84302002402445	-9.29666652854184	0
3.53366361611341	-10.0674898865011	0
8.17135836068604	-5.70259316886138	0
-2.82759211436270	7.05541137997211	0
-2.01728067255379	-10.8285496502638	0
4.06610976924602	7.36153866378928	0
0.120811486868305	8.05576005547895	0
-5.53568548928237	-1.73324092610061	0
-4.86064740321121	5.02165248487216	0
1.10788567073606	1.82636131379649	0
9.45106573512767	-2.07504705974966	0
9.26937685845990	1.08058067797504	0
0.344097554668757	8.00087960868478	0
-3.96489469638152	-10.4345590924587	0
9.13717239117845	-3.94122408714269	0
-6.21622373901540	1.27912835331923	0
-1.04505510799327	7.67214865627738	0
6.72840066242348	5.86435788250030	0
7.86728023280927	4.35432811189079	0
-5.82710124101224	3.49820563392800	0
-6.29376444329088	1.67221281330982	0
-5.12822697612121	4.76760300592944	0
-3.57620697946168	-10.5386865903933	0
-2.21882432069798	7.23683759171504	0
-1.49384667164935	7.62051423548419	0
8.47189931865432	-5.46415171621390	0
-4.25502779911308	-3.47177597474407	0
9.55352069417594	-1.15031623719392	0
9.50789429121934	-2.42764137623223	0
2.38888228132536	-3.15005726789265	0
-5.43405113269664	-2.13352251199406	0
4.13438645646306	7.30795649671383	0
3.64813322431854	-10.0035888442709	0
7.99892505496199	-6.10438232615052	0
1.48550341825151	-10.7555069113035	0
2.68711520599053	-10.3066241473198	0
6.52170721938395	5.93761738586484	0
9.45186118123957	0.225848300357288	0
-1.19603293404472	-10.9505226151861	0
7.81365420419099	-6.41019452824610	0
-2.44155156045925	7.26791264453493	0
-2.67823675937264	6.98357885688524	0
-1.77019941595041	7.45061618610020	0
5.69571919068713	6.63128255277549	0
-2.12937931286651	7.39178971510395	0
-5.30439734712581	-2.18212274392269	0
9.21739246469856	1.71468599997032	0
1.67643652002942	-10.6423406230606	0
5.66081290854291	6.70574157108603	0
-6.20276981083045	-0.218256707257853	0
4.70629574864975	-9.28022733834790	0
7.27124318269524	-7.11697881139279	0
8.97922366222685	-4.40245715222619	0
9.42913539431914	-2.98533547701593	0
6.12301289974274	-8.37976451096920	0
3.79427434374682	-9.87255610864722	0
0.0334619460852386	-10.9538183775299	0
9.39248219282268	0.791556335618383	0
-0.157353249077619	7.83290157364675	0
0.721589906657830	-4.40569187753326	0
8.40281047608021	-5.49650487809521	0
-2.93958777563046	-4.32730960100186	0
1.83364938310762	-10.6265096857843	0
0.496300089459985	7.97369881664316	0
1.33336069339288	-10.7396360938237	0
6.79844950736256	5.70840973912275	0
3.42832230483844	7.66545913086267	0
-2.02108635941761	7.34647398733631	0
2.67887936088379	-2.95493911324070	0
2.33666786191750	1.32657745270960	0
6.36065655394196	6.12783360559876	0
-0.0800891096048780	-10.9094955571948	0
9.04645279117005	2.25177747799635	0
2.15817205659114	-10.6096786590124	0
-5.56896062486360	-9.81017278584095	0
-5.02744641663645	-2.75463566735126	0
9.54869553909984	-2.02210797547310	0
1.17489994884291	8.09062337354338	0
-5.93590301109566	-0.906256657495476	0
-6.23455600292536	1.22295178668428	0
-6.32103377432818	1.41061395916893	0
8.12191793983063	-5.89899921939495	0
-2.41629650582597	7.16009299725914	0
-6.24237647108968	2.15637518050758	0
0.681311964480326	-10.7876153162144	0
3.45549186934751	-0.867642090280361	0
7.95135889280237	-6.21000693408038	0
-3.48451466216999	-10.5922629499262	0
9.49981751073561	-0.0521141308020385	0
7.93126699457802	4.24294212793836	0
2.56683053509256	-2.98959679796410	0
6.05745920770597	6.33062566611608	0
-2.20045521419649	7.21992739468549	0
6.30000688491778	-8.14193138767226	0
4.85282101309506	-9.41404252373651	0
-4.42140414384973	-3.30458174332267	0
6.95473109377925	5.48750365204084	0
2.20718624981341	-10.5469808822075	0
9.62396342242364	0.0190572708518976	0
4.93217057015897	7.05351007994976	0
0.145326175534966	-10.9110463030594	0
-3.80329535735952	-10.5945447421436	0
-6.23272284621256	0.804695557321231	0
-5.09656170339470	-2.46190521986910	0
1.94928007272451	-10.4732798853755	0
-6.26864254419636	1.32997928189621	0
2.96457126010422	-10.1803235015715	0
-4.99475036371801	4.97543655072101	0
3.00840584791774	0.676783573609669	0
1.58368313239361	7.93406133901912	0
3.40962433517635	-1.30646315364052	0
-5.94779916134209	-0.892925380214949	0
4.93332422332309	7.13256422006227	0
3.35712069821308	-1.12011689845224	0
3.30466420147800	-0.756583652030233	0
-3.71892599931624	-3.84751549054139	0
3.99968063139367	7.51681839171849	0
-4.34635513489508	-10.4058456418243	0
0.479098160865054	-4.41422232159425	0
9.46613640276821	0.128569025439468	0
5.89645070752837	6.52445604928504	0
2.60145412346002	-2.87541075904086	0
3.37991569730731	-0.857626775023392	0
-6.21838354100066	-0.105996620812600	0
9.16073898412466	-3.53888629540088	0
-3.56804932495406	-10.6840757208262	0
8.32073009373016	3.82697105720332	0
3.25491897846807	-1.88103182643361	0
-6.07073119946326	2.22704391057592	0
-2.41500759086891	-10.8535358540967	0
2.45211196385856	1.23464694975702	0
9.33748296618754	1.41011845749239	0
-4.90361767946018	-2.67088430939010	0
2.38186831457376	-3.27154027879441	0
-6.12220610066741	2.02382818138050	0
-2.15505780281665	-10.9496258117984	0
6.98555759814769	-7.48765196777829	0
-4.57002400790091	-3.18062535810878	0
2.41562456970173	-3.24386225274409	0
5.65714924467563	6.56580994689270	0
2.93617566698872	-2.49008775183158	0
0.345331536237236	8.04561116432030	0
5.41333214490324	-8.91623287046189	0
5.99315858611342	6.27565828843082	0
0.0815126775489049	-10.8900953260511	0
5.68916055806484	-8.65227448428524	0
8.17771608786253	3.91061703998322	0
5.76870387469332	-8.68555141507942	0
0.555212086215492	-4.46357357760232	0
-5.68310105248926	-1.43467067383240	0
8.83062644393879	-4.40742940178117	0
1.73734732278643	1.87226369222971	0
1.52930708508082	1.81347457720249	0
-1.08943166388346	7.62922709679044	0
1.88777091221714	-10.5162115659404	0
-4.73406678643122	-10.2948151779496	0
9.60546032002237	-1.48189066243018	0
-2.86038016072259	-10.7407532455320	0
2.99088353276967	-10.3185413301498	0
-5.69880051618329	-1.33220453763110	0
0.500689831748116	7.93377679223023	0
9.56936414543678	0.0303621498193336	0
-3.48359379267431	-3.93442578152480	0
-4.68230336248526	5.53238331895190	0
7.17057669685824	-7.17440223708157	0
-3.01882294974348	6.71328345908571	0
-1.44473976271382	-10.8707781096204	0
0.632836748725797	8.03321324392528	0
-6.11108444202784	-0.182685460203132	0
-6.02346192083352	-0.736054372063825	0
9.25871007140617	-3.69108337126106	0
-1.72961966819216	7.51285252372816	0
-6.26175753052757	0.967547805944564	0
9.12067454674004	-4.05757846906615	0
1.58709088983121	8.06407458288031	0
2.98009248916371	-10.2391568884539	0
8.02242497487546	4.26405204208010	0
-4.24257220426984	-10.4379698168877	0
-1.29579769396115	7.61483969581630	0
-5.74115537226373	3.79940610641889	0
9.65918001235453	-1.23368616172262	0
8.67250619775147	-4.88415176215211	0
2.94082746841083	0.802841442317675	0
9.40791380962904	-2.58879366411528	0
-5.03006908643276	-2.52950368272663	0
-3.51728591752436	-10.6216639887630	0
8.78272644333728	2.91079511189345	0
-1.88548265266235	-4.65722970396169	0
2.91680756476711	-2.35852918306188	0
1.16053363537989	-10.8153173897410	0
2.82080516827731	-10.3999069010215	0
2.18313776350842	7.82800135888399	0
0.990008796991673	-4.30852008325206	0
-0.542043058569041	7.91979263220445	0
7.15136975090705	-7.33997072191060	0
9.42352443182640	-2.17684295180629	0
1.85757291479791	-10.6539106156144	0
7.50061199763713	-7.07703946702251	0
-3.82558487142893	6.32963062788657	0
-3.34140744504543	6.59055797260942	0
9.59557361785897	-1.30078419576024	0
-4.66773225518758	5.25284375191748	0
1.81927539257174	-10.6658122946298	0
-3.96516690859348	6.07721239547515	0
5.40073313544872	6.72272057486178	0
3.38884256696929	-1.65590779173112	0
-1.25807069474065	-4.77421036669257	0
-2.27475841533924	-4.42376867869429	0
-3.06140133110952	6.67878931068383	0
-1.24199564784852	-4.65209610127369	0
3.61368334758907	7.60166773784924	0
-6.01992387848805	2.93830276536128	0
-5.86199625564435	3.14968599366446	0
2.98980756737961	7.81137662864062	0
2.62808085808553	-10.4116849361776	0
7.01515246614708	-7.46716276204674	0
0.827517009555483	-10.7842939772975	0
-5.20520754142635	-10.0877287494014	0
2.44793228200070	1.42370333699254	0
8.98924484227629	-4.04506201372363	0
-1.37351090204456	-4.63926430327979	0
-2.22504928713344	-10.9083526346032	0
-6.26407762279096	0.185999534703700	0
-2.87020345009800	6.89357113233653	0
-4.44654744510535	-10.3803127166340	0
1.74413401632661	-10.5699865099577	0
3.12937157359953	-1.98439990674834	0
3.18250478894374	-2.02870874700048	0
4.42663874256680	-9.63683522895518	0
2.21776479358602	-3.68449242928707	0
2.64043208986859	-10.3507612436177	0
-1.42424520028127	-10.8682520237867	0
3.23614604992186	0.222940487560343	0
-6.12694143116769	-0.125581229083541	0
3.13416271215422	0.236077163997791	0
1.90824607803841	-3.79129575305552	0
7.41267016832018	5.03291775362197	0
8.10611384541764	-5.92452962761416	0
4.84212973044918	7.07346529780732	0
-0.595783509934358	7.88779402970601	0
-5.89604347836586	-1.02006522080632	0
-6.25065455291919	0.913249430038234	0
8.97375225511099	2.47277942305310	0
2.40903378388467	-10.3864401695085	0
0.448212688299294	7.99402793223389	0
-2.41959171770775	-10.8927294484387	0
3.13140544363164	-2.28538775566276	0
3.89571049543711	-9.73541198385380	0
-3.48141539470966	6.51515996515904	0
1.76302339786675	-10.6121015084314	0
-1.24756324565953	-10.8794456162606	0
8.97318935440451	-4.48745791090444	0
-2.41798392656985	7.05500227741580	0
3.72882052308428	7.60872724334373	0
8.09810165662924	4.01711663376801	0
3.98601992791848	7.56066467601265	0
5.70648718316468	-8.56367623612713	0
6.54904131953659	-7.82682643388394	0
2.58444706572292	1.33848060414340	0
-3.50298952527115	-3.91343075368044	0
-1.94534021301493	7.29261973435198	0
9.46591527665977	-2.90468838834791	0
-6.25950232016328	0.521558607914454	0
-4.19779713590879	5.97324121968788	0
3.93188889831083	7.47375652847615	0
9.12978917062704	2.12748149538867	0
-0.246837671207963	-11.0046260348373	0
5.14708649359677	-9.14128038331547	0
-2.37043640328031	7.21773294081692	0
6.76990160186025	-7.80492792766584	0
3.63659101272928	-9.86612140463274	0
7.01184975120448	5.55452603173977	0
-5.27631231609212	4.61831746660317	0
-2.53344840271019	-10.8362123425819	0
-3.52290263510872	-10.5819932955820	0
-6.21722721138583	0.193828874871667	0
6.09438737267455	-8.44013522850863	0
3.36242502305153	-1.53959954002841	0
1.13452523052417	1.94318125141874	0
-2.73445025771386	7.06108252806204	0
3.88105742537721	7.47565267619364	0
8.02284513038288	4.45568157092668	0
-1.18759741354339	7.65587793385668	0
-2.09846255905051	-4.54764418216432	0
-2.98514909696977	6.83485236792080	0
4.22142691922582	-9.66916986923389	0
-3.53276889746638	6.37263408277135	0
9.19876390530333	1.97663929498599	0
9.31630931214045	-3.30236310138656	0
7.97230067207665	-6.16483352872392	0
5.30715379381190	6.88915649554220	0
-1.74021752116134	-4.66427887117976	0
-0.0627330555054252	-10.9150612208883	0
-6.07519166417686	2.45884335603442	0
-3.39274249192057	6.56621016886509	0
6.58882896373142	-8.03626738871016	0
6.91688014844643	-7.49434070618433	0
0.111111424883140	-10.9503987088422	0
3.48637262003831	-0.726637784385360	0
1.34976159908264	-10.6334279725772	0
5.82242247359891	-8.77253619278326	0
7.20093374824203	5.42504840127374	0
-3.95305205322741	-3.60817077762222	0
7.89816547343111	4.38912574882600	0
-5.62753887926146	-1.81153938671199	0
-3.73838540358354	-10.5802257236188	0
8.77799227423697	-4.93955452890664	0
9.26228193620579	1.69026358305309	0
4.64552437267467	-9.28640438717090	0
7.42270360112135	5.07725884901066	0
2.69362355403954	-3.00448617426595	0
-6.09934327534878	2.39267584366831	0
-4.61935167691229	-10.2298225212251	0
2.78230836719462	-10.3859094008576	0
-1.70322545170766	-10.9104652063723	0
0.143998327334386	-4.57897243722789	0
-6.30781942222707	1.63802864899470	0
2.43955964893730	-3.11764924304838	0
4.25331254869317	-9.62459328995833	0
-4.77752502007897	-2.91658666487455	0
0.693804149924585	8.03022974199082	0
-6.04240434571276	3.09898780821631	0
-1.81993201894688	-10.8769860918296	0
9.47683665371048	1.01478978978897	0
5.48485179048240	-8.98813821726067	0
9.21692258920498	1.41281887427838	0
9.50155867315961	0.665203620629478	0
-0.883633510928965	7.73245437430071	0
-6.23676609631536	1.14666308388565	0
-2.87391251917156	6.84398803774126	0
-5.19430817862047	4.61011099605694	0
9.09380556084179	-3.89198272793040	0
1.50223854084612	7.93913662185268	0
8.11509627171094	4.24028555390057	0
6.66100891671897	-7.89298792403273	0
-6.09012053215482	2.89404147986397	0
1.62808724301204	8.05628387518882	0
6.91427699519807	5.63495660238515	0
2.93146885059515	-2.44900994763387	0
-3.49116736676617	-3.84123103440820	0
2.58718397239081	-3.17421498469064	0
7.40361172509679	-7.10262196121453	0
-5.19253449634344	4.85251597051796	0
1.58710660666619	7.98432512762822	0
9.36730980515300	-2.79855548138323	0
-3.80482129363535	-10.5162895548723	0
4.77969499028454	-9.26636133843602	0
2.82173581154404	-2.77179553581585	0
-4.87449736118910	5.06185945732733	0
3.14851009872584	-2.08366941410615	0
2.53625330579880	-3.00341340128600	0
-1.94424166054347	-4.69022955444794	0
-4.22921019824398	5.81703962181326	0
-6.15436576664898	0.666902401651254	0
-2.67607084793772	6.97862463276187	0
4.30184177505534	-9.69672171884639	0
5.48576698228858	-8.85227618628198	0
-2.80803968818400	6.96572322767003	0
9.44102469158534	-2.04098561334944	0
-1.44617105375512	7.52837163450329	0
-0.690140494440616	7.79561778021572	0
9.42114673033554	-2.90218979267367	0
-0.712600988527370	7.76100673856411	0
7.98819317883998	4.15547255574896	0
-1.13357132132283	-4.66285111117614	0
7.62661793699833	4.76690358585228	0
7.66700029949180	-6.56296691279804	0
0.682492734340393	-10.7530864792959	0
-3.34229381405912	-4.17398539274885	0
0.906503932977062	8.01043119047491	0
5.25544412348421	6.79290813238857	0
-0.366528134032562	-11.0090708311901	0
-6.15002430489199	2.26408227291671	0
-4.30748050222241	-3.27053664416023	0
-2.86184151355262	-4.23896946435586	0
-3.76534802618677	-3.87788153585944	0
1.79711187113850	-10.6362358977421	0
9.48515315529728	0.364832771240036	0
1.52184588877156	7.94751442192222	0
1.76448110064031	-10.6483505867025	0
-5.11473393591435	4.64587744233370	0
-1.64518832513433	-10.8931208019536	0
7.16938752108932	-7.42491053254923	0
3.04163977181846	0.546699205327536	0
3.98424802892195	7.54710705982502	0
3.28320840462794	-10.0876453583232	0
-0.0925594560434551	7.96383090908160	0
-5.05855520716320	-10.2232320381516	0
3.01772150466766	-10.1688531590625	0
7.36174309797428	-6.97793114150008	0
-2.51760304379805	-4.50307460508751	0
-0.451256032972366	-4.61787283796894	0
9.58945298991983	-0.896366669479463	0
9.51818300430813	-2.07106829762729	0
-3.20252543576634	-4.13072015433191	0
2.48096773854425	-10.2902513354910	0
1.41496480548100	-10.7482663658062	0
1.27812841903131	7.95105034177168	0
9.43958435704381	0.938708945960793	0
6.42277385536959	5.96618689848481	0
3.32109301734755	-1.04299338934423	0
0.847827658199906	-4.43450425202677	0
6.29386403816140	-8.18189263005805	0
5.45575188734085	6.70284669760279	0
9.50135879688706	0.894880964266225	0
9.35261227101719	0.674042080890986	0
-0.984649040632576	7.61887680705482	0
3.39027303494016	-0.367296085674599	0
6.03490338346640	-8.55363061618837	0
4.33153773869565	7.40708501621163	0
-2.77050004379866	-4.38806201435329	0
3.11080592384893	0.403964739784035	0
2.89818427483809	0.816220561913802	0
3.47200683377033	-0.734211306054962	0
-3.73038836760659	-3.86397951192198	0
-6.33413786134018	0.534545123815006	0
-6.20272690669353	1.66030688022782	0
9.47584771441562	-0.399324814472913	0
-6.17042943791569	1.18144652785879	0
9.36171591933073	-2.80998848384979	0
4.29880623504922	-9.70945654267640	0
-0.860619212574105	7.80003945717536	0
8.48522088501611	-5.34933844957773	0
-0.282667557295500	-4.72703689451110	0
-3.89281994479368	6.11227792457579	0
9.24308361859764	-3.40358940622764	0
-1.86844737197893	-10.9454743517558	0
9.43679322392121	0.518177712951563	0
-2.09985422055980	7.39418457316683	0
-4.64162667593479	5.55746868466900	0
-0.280935891229837	7.94293064632790	0
9.58672550091291	-1.73876388892011	0
-3.91153964531166	6.16188014135363	0
4.31751797256036	7.39698345645598	0
7.04577088679361	-7.32093006469752	0
-6.35675718866893	1.00875447007844	0
8.53253173903630	-5.17567041953935	0
7.04060794585383	-7.37145160081521	0
1.95156917928503	-10.5312153109329	0
3.17536425119955	0.258131431599923	0
-0.939415456462921	-4.77784495144747	0
-3.16250867475534	-10.7170564812781	0
-1.76086778623628	-4.57951731388012	0
5.38882421145457	6.75910569857700	0
-4.48883683103915	-3.30877490670167	0
4.80175664707243	-9.40136170395374	0
0.255819401539462	-4.47560440343776	0
1.13760579800362	-4.18389486998807	0
6.17726807797051	6.21009332000879	0
-6.30330864555455	0.952779969741235	0
9.48721075434763	-2.13878544441447	0
9.18556660558143	-3.58032939910576	0
9.09349293403364	2.21263322059584	0
3.56094699473800	-9.86861475601791	0
8.90654971649210	-4.30944526666952	0
-5.23712740572123	-2.23737147137579	0
1.56668819666299	-3.97246964374106	0
7.45924443352073	-6.90343824754010	0
7.79780258376998	-6.54878769611897	0
2.83334229880325	-10.2991075322820	0
-5.79002292844683	-1.39849081851865	0
-6.17572367214612	-0.0307828324880626	0
8.72923991903300	2.79008500666511	0
-3.73384574704263	-3.82593854090441	0
-5.26030830310436	4.65994442467919	0
4.80329791445910	-9.26009483919939	0
-3.63147621934254	6.46104535089830	0
2.39792826995553	1.48816024603205	0
9.57323145054060	-1.56235578342497	0
-5.09090877846555	-2.64110378099226	0
-5.62983304037648	-1.77932282284479	0
2.84651450688014	0.996690361267694	0
8.91654666737445	2.69338358446170	0
8.51946699517275	3.63004707372039	0
0.348032557844775	-4.51887315001895	0
3.01292288789218	-2.33129011689731	0
5.60529674747400	6.78118552516673	0
6.20144104125663	-8.26905728931107	0
-3.21528932930739	-10.7678511640626	0
1.92470942144909	-3.73858876648609	0
8.69501942053425	-4.77129953037538	0
-5.41359910619565	-1.96070158249815	0
3.31634278944280	-0.687237663684633	0
-3.54178648086629	6.48366719406799	0
8.84699477154762	2.86823059179440	0
9.39248820346481	1.48774262747650	0
3.06437127898538	-2.12395249804881	0
-1.59807179210015	-10.9549721268102	0
2.97342825729236	-2.50171121748946	0
-6.02888159751766	-0.462090433044133	0
2.14751316715515	7.97284383577321	0
-2.69613275332861	-10.8650508451702	0
-5.22966320006992	-10.1617466848513	0
0.479308247617044	1.79767717448203	0
-6.12281706890303	0.0804445730248831	0
5.99027000577615	6.35927664708117	0
9.05270906890545	-4.05166955684754	0
9.45017211423824	-1.85326154834558	0
-6.30763984784995	1.82757485318681	0
-5.61802598507551	-1.54549065358139	0
2.72827500890648	1.20094988209022	0
3.25686750093399	-10.2095312393722	0
-1.10401505313622	7.68973975091083	0
2.05385256066522	-10.5554656311601	0
-4.13845613328230	6.05655447591731	0
7.32417988452832	-7.12351319700356	0
2.22508229263563	-3.63687859360372	0
4.76842366106453	-9.23049762935481	0
0.493833062173418	-10.9413044273802	0
-6.13222511186571	2.76281047356816	0
-2.99728444555961	-4.31023182649075	0
-5.50901335696639	-1.72482393673660	0
1.70054621117218	-10.5789271703143	0
-5.60992220600217	4.06448416434288	0
-6.31134161459281	0.495247010228293	0
-4.49338371804925	-10.2369441480160	0
9.33174838195610	-2.76438610300003	0
3.64698117443350	-9.93499442837998	0
7.66404931296483	-6.73154005733708	0
-1.33941786846105	7.67386973501369	0
2.05308878481361	-10.4686845887311	0
8.98994646273228	2.12138323066269	0
9.55650037777349	-1.89460780915485	0
-3.93195176085649	6.12830367882280	0
-4.56221307402934	-10.2719484754807	0
2.46015521663530	-10.3529978456890	0
-3.30485971488337	-4.06354949192659	0
-5.82996460351752	-1.31458522340237	0
7.45481136608852	-6.90868063650801	0
3.32778472075945	0.0592828327426242	0
-3.49515604382787	6.40711386392191	0
7.50953368148283	5.03530595914142	0
-5.92479303986580	-1.15362770673507	0
1.44312779564336	-10.6426622127195	0
0.640228871925348	-10.8900949276569	0
-3.33186164186289	-10.6561157710520	0
-3.21804266231735	-4.11483006490560	0
1.58166926302979	-3.95230623871213	0
8.23282563106380	3.90114199959443	0
5.62367520356064	-8.72564051341735	0
-5.38240092964629	4.32942556145930	0
-6.31425951147207	1.12076392363264	0
6.89334112678164	5.71709112998448	0
5.09161214052721	7.06352422612567	0
4.98696006946413	7.05941632527099	0
0.586610407487241	7.95259020252032	0
8.14350121386501	-5.83187033279268	0
9.38650505285773	0.688323775557552	0
5.41931945225026	6.86573274297127	0
8.49104084952458	-5.42540883284693	0
-6.19175011219270	2.56351055180608	0
0.515978583312310	-10.8815985258080	0
-0.812710951083363	7.71046685919006	0
-3.94427180450449	6.23514655862449	0
7.86058596624324	4.51854102260842	0
-5.98254152815723	3.04960562295295	0
-5.95650264911678	3.04817478465098	0
1.62010133583809	-3.98986467742877	0
9.47332382405861	-1.58938793028897	0
-0.808882506497260	-10.8877769122114	0
9.13629480355047	-3.53835049710710	0
8.59595664851389	3.27551276934940	0
8.65615240015664	-5.10605725474373	0
-3.86113421585485	-10.5444060115481	0
-3.56414215591555	6.49005501302898	0
1.99337121815154	8.03259094636663	0
-5.62927668605202	4.03793330481848	0
2.76490121955219	0.927596412923579	0
-2.96799103176018	6.94529996346959	0
1.95249422023209	-3.66255475499243	0
2.23624777881851	-10.5040860783367	0
8.54607680863445	-5.14041821287768	0
-5.01419979978590	5.10662974411527	0
-3.96732247472241	6.23485569235729	0
8.61246509917538	3.13134602428436	0
5.36347200939051	-8.91948834466394	0
8.41302449301174	-5.29833642031454	0
3.39228174374215	-0.358685423970009	0
6.00845695506136	-8.38924166350146	0
0.966787875594228	-10.8121359573871	0
0.760088715105320	-4.35185014717733	0
6.79164257272596	-7.74632377912461	0
-6.27876739829038	1.88862378484550	0
-4.64424556805862	-3.03597071314784	0
7.75835249981907	4.55117696798829	0
8.21671412195883	3.97713594737329	0
4.44353052876615	7.19065476919607	0
-0.126483108831279	-10.8398705179818	0
-6.30996215543930	1.30527623088883	0
9.39235712694395	1.33661183575479	0
0.798244941223947	8.04366615370683	0
1.49488990106131	-10.5942537901041	0
-2.30652291845670	-4.58702048451805	0
1.23782369860647	-4.22308913197271	0
-5.21186578384118	-9.99943674031526	0
8.76917998788429	2.71403705036885	0
-0.776552475305448	-10.9980809063324	0
0.712209619792083	7.99431808816019	0
9.25554173462659	1.26290686398132	0
9.13076345955133	-4.10556202083906	0
-4.99955377321252	-10.2026666492809	0
-0.836141812627663	-4.71069540314449	0
-1.72412900937866	-4.70162823941993	0
7.07577312227126	5.45681766194760	0
2.87618720370844	-2.58206107166181	0
8.19469390173128	-5.78522290683287	0
-5.07712409143981	-10.0890466277096	0
4.87039628732157	-9.39689336209793	0
-6.02955469630549	2.71616184061886	0
5.31963896262963	-9.02174018818633	0
9.62789720644850	-0.123863123612717	0
-1.33262459365357	-4.64956061658836	0
8.46907203105612	3.42375185884455	0
0.0787780974218545	-10.9302159459329	0
-5.43062299951046	4.17868129397561	0
9.51002311351780	-1.98744450620536	0
3.31087081198203	-1.40496362123339	0
3.62322298578217	-9.96238305487388	0
-5.93232318149044	-1.04289827892130	0
9.34289574997635	1.01048596925347	0
7.07644187664474	5.48900203911855	0
7.90320793310530	4.20037106734096	0
-6.21976806115733	2.12886382496091	0
8.28614603600839	3.80731529618292	0
9.25049892284055	1.38343410361897	0
1.67671447852513	8.08894211199492	0
9.49685591785093	-0.466178019909292	0
-5.51722897032006	-2.06022086101909	0
6.54501019933105	5.97077471754151	0
8.44069776905195	-5.35511201686336	0
-1.68927103193319	7.52019194855921	0
0.859871229699372	7.99813029309180	0
-4.25120132204385	-3.52601454472041	0
9.41520378339136	0.491249477596630	0
-1.58689473821964	-4.59225612590856	0
6.07959810930129	6.27647454553740	0
-6.05955480843892	-0.909595503103369	0
-5.48797494044046	-1.83393316555847	0
0.324710569205992	-4.64123382149680	0
-2.36610474716601	7.28531630909284	0
1.89375791901593	-10.5339122893710	0
9.43195778716992	1.20814050081526	0
6.24910350685326	-8.27731028060780	0
-0.917496548384682	-4.69887477658140	0
-4.66478494959371	5.52680985343687	0
-0.450696844260797	7.86421300330482	0
2.28866578964802	-10.3941725610824	0
9.54952643571622	-2.27543927536029	0
5.46892742477576	6.69003415191047	0
-4.99449364454613	4.88010428217665	0
7.16294334989059	-7.38680064893381	0
0.594659434199319	-10.7487750344853	0
7.55034333252937	4.86767709791756	0
3.26518993119191	-1.63809288832567	0
-5.89305229339431	3.18855217824841	0
7.55833162756275	-6.75753801550745	0
-0.607706756720761	7.76292508464536	0
9.45366919500487	-0.102605842729166	0
7.06333623766077	5.37037658289342	0
-0.457018888764484	-11.0024443286423	0
-4.81796820810017	5.24247174453420	0
2.96570206915969	7.68572990189889	0
2.40029593609130	-3.18080307403325	0
5.08962646722835	-9.19024177349553	0
-4.10671838990399	5.97462082932456	0
8.33099440155795	-5.45099389374312	0
1.24489363072538	2.00855746333413	0
1.75412907714864	-10.6608605425622	0
2.55908039542837	4.68699213389332	1
5.75511915654363	1.87061001857035	1
-6.35734684045659	-5.66630813728180	1
4.33798922614007	-5.61448292355562	1
3.69017127864904	-6.33222976134933	1
-4.69519545141164	9.41398433772074	1
-0.322375252945225	11.1057580827436	1
4.20421153528166	10.7408955714879	1
-6.52565500414570	-5.62182972123186	1
6.43585153066536	-1.42291815051543	1
-7.94003775126346	-3.71684626919780	1
-1.31760400220886	10.8675875083720	1
-3.20471575395058	0.591175032367922	1
0.989363127608254	11.1673534192103	1
6.39120486340575	-0.116905822627423	1
4.91797240291786	-5.09016330614045	1
2.25838104546521	-7.14232520234549	1
1.01217104367966	11.0509061386129	1
4.97202712757797	3.05405371082145	1
6.32279476886620	0.251092206210294	1
-7.84025646760637	6.28321970660061	1
2.33558141599533	10.9976362562298	1
0.398851927951976	4.79158960044979	1
-6.75672695734363	-5.24785469529000	1
0.987753979574081	11.0872284276568	1
-0.482256516269454	11.0344721144256	1
3.10756507830022	10.9915830910820	1
0.420591759910539	11.1424447462681	1
4.78470904469421	-5.39169440979176	1
6.13553913868497	1.07210052714628	1
0.258693179225042	11.1214951855264	1
-8.36310999468699	5.22806839755148	1
1.27279414474687	-7.50345988221319	1
-8.47615634393154	5.23328486718975	1
5.01490696812350	-4.92094756934846	1
-8.72777012839901	-2.35713972489838	1
6.36795006915240	-0.567652217682077	1
-8.17008182266935	-3.34479569915456	1
1.51156971301581	11.1571820184425	1
-6.40664574789413	8.03223825894302	1
-9.33872943101062	1.98081021976105	1
6.50773819043887	-1.34425238088446	1
-2.36562339942952	3.28841312957281	1
-8.41325299266777	5.09550131515455	1
-8.65558927993782	-2.52946466518878	1
6.22450159550666	0.799582329038338	1
2.25008374289110	11.0351188546280	1
-7.95000263353802	-3.97133751248124	1
-8.59823772977309	-2.77203177677693	1
5.32404880800542	-4.46414132509945	1
-1.01716691726643	10.8620234196874	1
-0.307570881796017	11.1373798022923	1
-8.32645477045274	5.32323025115434	1
0.0810053421316577	4.78466287241897	1
-1.00538942482721	4.43746124300623	1
-4.14552592577782	-7.13254504767058	1
3.06652774790153	4.39260328471229	1
3.86019363994477	-6.06066041419676	1
4.82166835423288	3.32323183676770	1
4.89255336899329	-5.04784961398552	1
2.71277744149506	10.9917205988734	1
-7.07327286817676	7.26978935597939	1
2.82843383096714	4.54060166573341	1
-9.14031781134972	2.71878807015687	1
-3.09097915315812	0.560285046211976	1
5.07071218664148	10.4914234583037	1
-7.15581795775830	-4.92507827194524	1
-5.96312434456196	-5.99009363067072	1
6.55886761249374	-0.861389763267669	1
-3.50360849325556	-7.47856690035573	1
-6.89087148505708	-5.12452026309565	1
-9.23483455607040	2.18025906312408	1
-3.07329082714144	2.16905092846332	1
3.39459794917236	-6.44256874525417	1
0.846079111488371	-7.71168922006776	1
3.55882022757346	4.16977424638224	1
6.42534913665933	-1.01403071416120	1
6.43477407226319	-0.775117618044934	1
-4.67462798849481	9.43146848597380	1
-9.01854240314828	3.77886322235223	1
1.55492696979886	11.1363981821280	1
4.97591767969532	-5.03013910758071	1
-0.785925572955615	11.0346925920613	1
-1.84636887725716	10.6854029057103	1
-2.98469608638664	-7.50004076144156	1
-9.29276557523012	0.580580329843396	1
-9.04131853418924	-1.31939982096514	1
5.09743593737330	-5.02800792746758	1
6.23767030536270	-2.42075691443633	1
4.63133703690599	3.45271718900200	1
-3.35284772317870	10.2925585449657	1
-7.33968186611376	-4.83816399116449	1
3.58058702285540	-6.42517240748866	1
-6.31110138213971	-5.77564838584725	1
-1.36409908907091	4.35313914518090	1
0.511375863836436	4.79098008726827	1
-6.87660482791379	7.65006511228305	1
0.363039195432987	11.0514299561866	1
4.40592598695313	-5.64870689112711	1
-0.450406553459917	-7.89818605106567	1
1.56287090524174	-7.48671597342365	1
-4.77353151548577	-6.91341189775929	1
-0.903859251220731	-7.80352701178995	1
0.805746004006798	-7.53420529545031	1
-9.27687710585668	2.19378561123148	1
6.03656538326791	-2.99533036614076	1
2.73107091504115	11.0066996344606	1
4.93266509178550	-4.95650617083993	1
6.19543703892543	0.679054980826945	1
4.43015117362017	10.6285378192528	1
6.36555313651350	-0.286117169101532	1
-7.30448676104535	-4.56760319998317	1
4.03398569498832	-5.97125795371334	1
-1.38133831128545	4.15975840987827	1
3.38505081412276	10.8318317029890	1
1.66467392028725	-7.48892438427350	1
-9.29928844540284	1.44114397344575	1
-1.84434735990169	10.7301637214045	1
-7.92605036361713	-3.91028708908596	1
-8.36145799503121	5.28301630230348	1
-5.84534835757790	8.68780257597647	1
1.23094632657904	-7.62159016477378	1
-9.26662302488035	0.521515778073943	1
6.11792846406345	1.34945091247043	1
-2.61637817315375	2.74984731640578	1
5.14693002333832	10.4387978901517	1
-0.338897748422963	4.71704089463511	1
-1.80341323337418	-7.75570362459167	1
-2.19565862556235	3.67684263415712	1
1.48304469769668	11.0593219476240	1
0.737657925216821	4.95095617483105	1
-5.72119889997621	8.69437848053474	1
-8.36812865730976	5.38348455466252	1
-3.11052134547573	2.03295806673578	1
-8.13574608610242	5.75132150056649	1
4.14767583370127	10.6450305788118	1
-6.82690716824237	-5.42676225349801	1
5.64504642257795	-4.06434553534578	1
-7.76715048485731	-4.27117053528648	1
1.63411922148653	4.94233413706204	1
3.50119680703885	10.8733089442131	1
2.09865808550401	-7.16153465090002	1
-3.53200051288188	-7.40587904315058	1
-0.0743448430754144	-7.85871125757020	1
-3.11553822557150	0.419375618633773	1
-3.23809664091460	1.10009174192553	1
-8.30664028605379	-3.35954393160131	1
-5.83535409477731	-6.06290917836688	1
5.05849589066633	10.4364174569946	1
6.36059907620310	-2.45518531310979	1
1.84202650683123	-7.33380652457390	1
5.24845742668462	10.4240265898446	1
-3.05339359763164	2.30074000778126	1
-9.36654987927215	1.32495639539908	1
0.180383841219604	4.90553223580058	1
2.82587821075598	10.9165455524846	1
5.76683099075087	-3.97315972949506	1
-4.48966736829190	9.54160192840384	1
0.850314312862403	11.0699213467915	1
-2.66073554830128	10.4973374765347	1
-8.15992443992198	-3.65276357694704	1
4.40357154217872	10.5471356351203	1
-9.19482074876198	3.23414599489309	1
-5.70403475754503	8.75124446931839	1
6.46221422520699	-1.26496747835890	1
-1.04656820470741	-7.83433035384838	1
-9.11458599290033	-1.35403798301688	1
3.34132560062327	4.29097930222510	1
4.03233117829514	10.8464201532144	1
0.779700890823345	4.93566177370743	1
-7.85309437924327	6.25090413552766	1
-2.50420847816041	3.00454725288648	1
0.403039116417013	4.82523903514051	1
-9.35420928760542	0.0283093782855315	1
-3.18108300816481	-7.52505887330890	1
-1.18729708110656	-1.68067828003851	1
0.518236416477391	-7.78840434554920	1
6.42528854082658	-1.69020803313862	1
-1.44281983244917	10.8648399838830	1
-8.47197259446923	5.00421544403215	1
-7.71993058989245	6.47157964428260	1
3.20487192202352	10.9863837340059	1
-8.42931989092621	5.03040337661087	1
4.21798124624437	3.74318515001755	1
2.41497964161306	10.9840355174486	1
1.00820028248350	4.95996117210111	1
5.63125895213629	2.14180348732194	1
5.70887463564184	-3.84846948352618	1
5.01848921223360	3.10590120207161	1
-2.79341233630967	-0.509373641474277	1
-3.52271095954109	-7.44867110015883	1
-8.90397753809929	3.93579799145442	1
-1.22904137420813	-7.84465231587029	1
6.38046067765596	-0.661583498526724	1
-0.734568079226428	11.0504737484481	1
0.787540536893182	-7.62140013056992	1
-3.22485299416502	10.2728193758180	1
5.09314797015766	2.98239865430376	1
3.89862469332553	-6.22452730455707	1
-5.02411359759661	9.17090864666590	1
-3.21194672822858	0.733162002450593	1
1.44224607498399	11.0882219775832	1
0.268428517828449	-7.70755858242616	1
4.73935998764565	10.6430459599480	1
-8.78645685283103	4.59749773000524	1
3.02420613487140	11.0588235501223	1
-2.11425590771461	3.55891782319596	1
-8.17083661714636	5.84598067412502	1
-1.10294141366108	10.8226214296724	1
5.19197851185338	10.3644940920279	1
-3.19393529336802	1.01894177779325	1
-1.12154910182436	4.30602995420347	1
-7.85168211630354	6.20138167655828	1
-3.14752451913788	1.39239586419476	1
-2.21804257158927	-1.09169445978903	1
-7.74700255378695	-4.29343403514286	1
-7.19441743028225	-5.05946625311297	1
-9.32685361553767	-0.418786142278884	1
-2.52301590668622	-0.943850007934965	1
-5.92074697752494	-6.04923725163842	1
5.78844151078699	-3.85399039018756	1
-7.05678881621805	7.42836605719293	1
3.06776215299936	-6.72546649836694	1
2.54876933415003	-6.88025713622227	1
-9.25923315131922	1.87699476765664	1
-9.25077950034739	2.41374350091239	1
-2.59401200119741	2.99368797765084	1
-9.42119365075979	0.200550010036653	1
-9.24866504965382	2.18135413068424	1
-3.54592724027998	-7.30985042455090	1
-3.73667195498798	9.96454726396257	1
-1.98029741139896	-1.45265830707112	1
4.22733377202885	10.7194112687733	1
1.51154488448022	-7.34644492842695	1
-9.06126859210426	-1.53858343085374	1
-3.28557672394457	0.922326004245975	1
-8.57891311541334	5.06138534350769	1
-7.66291564809890	-4.33657411524672	1
3.75040643482192	10.7427415802047	1
-1.42334792752554	-7.72757813045746	1
-8.22889442676742	5.77063640532404	1
-1.70228044414225	3.92020645650707	1
-2.35380436617045	3.53370523362439	1
3.12112151188344	10.9794856976221	1
6.31018614919980	-1.77184857497198	1
1.00858504672850	11.1565682968415	1
-0.829138812625871	4.62418956898375	1
-9.38437253781707	1.03952355088351	1
-7.92413843061909	-4.01788822401946	1
3.98409981700006	10.6489948880910	1
-0.266146621016586	-7.79017012801158	1
-2.87440832456608	2.24113301465651	1
-4.45884677438457	-6.99690333189576	1
-4.02543160122721	9.86106427039413	1
-2.87445250400327	2.67877609769495	1
-3.14655700067953	1.12961971922019	1
-4.12534485849989	9.73750246450692	1
-4.03856905876919	9.85622598317896	1
5.89462149744370	1.59613312056317	1
-9.39683588794967	2.15229454673329	1
-2.29668031502971	3.42683962775608	1
-6.60332893589613	7.86659736220010	1
5.08073349408490	-4.97315006660887	1
6.43701353962677	-0.255013502150864	1
-9.05842313662750	3.26816999611216	1
0.915953843001019	11.1734740405506	1
-3.22054230169771	1.64230208578648	1
3.19089194420992	4.48332770749536	1
6.44854449164358	-1.90027093635236	1
1.91224802669314	11.0761212857317	1
-1.01553573982108	11.0072432361107	1
0.668338110457819	11.0962495730109	1
1.32424936316138	-7.40823747980284	1
6.47948324298095	-0.441437609618172	1
5.68497090633274	2.12898372737291	1
-0.765604348679209	11.0536979142875	1
6.43910107292139	-0.436833945828954	1
-7.19818213893420	-4.88083316262832	1
3.92322178072223	-6.07527866836645	1
-5.71964843479250	-6.13224300991064	1
3.15919342473222	-6.54026359099059	1
5.48847696425938	-4.23474072211386	1
-1.60412605561949	-7.74764747455217	1
3.84159885464264	-6.22822157823511	1
-3.05132092712658	10.2272685272726	1
-8.72476422961050	-2.35784692573790	1
5.05978646164704	2.98629133378911	1
6.45791678323301	-0.722903255890904	1
-2.78377463096030	2.59145866996189	1
5.38932490088140	-4.68418727882357	1
-9.29738929320018	2.88365630485612	1
5.29708050348870	2.57422808228059	1
0.0185740558083243	4.88317511707975	1
4.40753959707281	-5.73668203058384	1
-9.15262920337835	-0.604492824179630	1
-4.43410244350017	-7.07076056503604	1
3.87063197670591	-6.08455496862561	1
-0.689496375094367	11.0268521442590	1
-4.16434543611831	-7.19585801472597	1
-3.26849195685690	-7.47027225553155	1
-3.20876256490483	0.825524870674706	1
-9.45458112863797	1.05630556951279	1
-3.58181040372467	-7.36000621276055	1
3.33602327192365	4.40136167124498	1
6.36204802472248	-1.19087132477275	1
6.02045548312802	1.50708015288070	1
1.68586092925180	4.92679506028830	1
-2.22381120033299	-7.62793885544310	1
2.25432282133493	-7.14771117545849	1
2.50108819651467	-7.11627284572645	1
6.31425490299367	-1.60394269940557	1
-2.15590497340853	-7.66494074802072	1
-7.71885594225085	-4.09406903624750	1
-9.29201617706788	-0.574547512195501	1
6.30256639271017	0.447470748224903	1
-7.92615065803112	6.10801264725774	1
-3.17036111582735	0.365762861204051	1
-7.33419309219825	7.24466542539390	1
5.88895142418096	-3.67656012052791	1
1.84534665240757	-7.36974890864525	1
-8.75644492586468	-2.38766262727391	1
-9.27845955259610	-0.604290393505837	1
-1.23695128291335	-7.79903863794801	1
2.42097356951289	11.1326812491258	1
-2.17999080893193	10.6022238000399	1
6.47863523788436	0.103854384276622	1
-8.87205101484743	-1.95493253107467	1
-8.23549614441120	5.76064953257369	1
6.32919263563174	0.575516841777494	1
-2.75271999886020	-0.438339218485891	1
4.45587545317603	10.6244714160287	1
3.66361433697338	10.9044065595822	1
4.38570984173137	-5.71364293308506	1
6.55886374402532	-0.835755266270420	1
3.88743156111380	4.01896094355233	1
-8.96533411220400	3.82115884628319	1
-6.97721291161873	7.43018440541982	1
-1.28095426954818	-7.86360045421345	1
6.44929095517309	-1.18447061621261	1
-2.91053880938445	-7.57358786854233	1
-6.54600447271923	-5.52641286992940	1
-7.65862781962480	-4.37634622161404	1
-2.71672247695912	-7.61135569284456	1
-1.14171603247568	-1.71141611434089	1
-4.28203486146053	-7.08538181754592	1
3.08185949603833	-6.74478114613535	1
-8.09896540559633	-3.70218651879574	1
-2.02718445666955	3.68943620859437	1
-0.966518370216969	10.8966994161321	1
-1.10574152554116	10.8213090180056	1
-8.32449865543869	-3.28426849421906	1
-7.76196199938501	6.46426785428270	1
-2.24236654480608	-7.59747178127496	1
-8.84853365728318	-1.80538576682181	1
-9.22493136722871	-0.239242655633087	1
2.82201667590084	-6.92788747695641	1
3.81489751848933	10.8146724550308	1
-9.07083895319612	-1.14843957455454	1
5.29461240844681	10.3660084076200	1
-2.06607392845532	-7.79192735772550	1
-3.24363496702145	0.781620029735905	1
5.18365514437778	-4.70244217516644	1
-9.44490261504646	1.81803317782191	1
0.893809902265019	11.1738176876649	1
-9.23298766699583	-0.463054073283547	1
-4.24799825176832	-6.98529010947223	1
-1.34217884453649	4.33551167969189	1
3.27905201171638	4.33277256860111	1
-2.79384325955877	2.59298832708649	1
-8.44483643759352	5.22726946312383	1
-3.54203594433166	10.0220720727835	1
4.55994149796703	3.62134514273156	1
4.16473173906252	-5.92103866025507	1
-4.66657461823889	-6.85248391791490	1
3.11351640944905	4.34965299988880	1
-1.01365577468075	-7.80951062410183	1
4.12419982768193	10.8028473395269	1
-8.15815327363209	5.62129475730804	1
4.59922801788681	3.57732414694740	1
0.00324715237426378	4.80734029512524	1
-2.80519155634448	-7.56090931264953	1
5.27947396439636	10.3233864131830	1
-5.39663138341183	8.87458621331106	1
5.60647690997756	-4.27340727976248	1
-3.07881856740556	0.154126182505881	1
-0.651313495819062	-7.86270219503263	1
4.32157959629920	3.76799593616486	1
5.30320646304786	2.78710908525699	1
4.43813096285558	3.71239128413345	1
-8.20639849974455	5.62678763845175	1
-3.24845499545174	1.20940863124750	1
-8.34592592610001	-3.25891183383753	1
-7.22705597757702	7.28063570674997	1
3.95638914859223	4.04179939823268	1
-0.213760966137430	11.0594974408918	1
-1.36212061379614	4.18217291612578	1
-8.98831732412980	3.63907405906240	1
4.75167820046954	3.25347764046461	1
-4.94275524139631	9.28337946075999	1
-8.39176484383518	-2.92078942086814	1
-8.94476552033370	-1.98236116297442	1
3.22921346366303	-6.60668144616214	1
5.77493298218168	-3.72023056698768	1
-3.86797818769165	-7.20217061269327	1
-6.98560631873517	7.51103580784451	1
4.65675825380722	3.48612008113123	1
-4.33624627431487	9.74468245947000	1
-4.80073601850165	-6.86003303413205	1
-3.21590393925636	-7.54894538685539	1
-2.60928223222783	-0.626120372030599	1
1.82853302371153	4.94264552187326	1
-1.86640897086492	-7.80279455230555	1
4.80020304697088	10.5331347215570	1
6.40855711846580	-1.68931183765454	1
-2.15813933727874	-1.37131306489361	1
-2.14804781004496	-7.67618732735380	1
-2.62354324183285	-0.822851550723850	1
3.62741404161764	-6.21502712771215	1
2.78271135180854	-6.89790538185500	1
-0.756780173697778	-1.66247251555224	1
-6.01816188721063	8.31956370344799	1
1.02819398381258	11.2150687009031	1
5.69742858660318	10.0438568786477	1
-6.12254254888468	-5.84401045778096	1
5.13023018828664	-4.93854698177669	1
-8.39478373269679	5.43067180357587	1
-7.81338537107501	6.57864213619693	1
1.29485556767749	-7.54154429877678	1
-8.35205749999289	-3.14981084507289	1
-4.12724969518077	9.85291610438313	1
5.50468302659454	2.22388739041379	1
-2.85197821038947	-0.267126853472282	1
-7.43633370564450	-4.54610341913155	1
-9.17940807465876	2.49116378197904	1
-8.61848822148508	-2.77242066006393	1
-8.97519589027086	-1.53498771593133	1
0.515436111150955	-7.67592784527329	1
-9.35696108994346	1.71997660869701	1
-3.02202019353246	1.79363252154692	1
3.61780560922131	4.22529622281840	1
-2.64736208721080	-7.51220949908901	1
2.80293489177691	11.0605938299499	1
-9.44607862576976	1.30275103369003	1
2.68396667390967	-6.96031856420134	1
-3.50203394450779	-7.36879262953741	1
-2.84492026835178	10.4865549128169	1
-7.51275189600870	-4.36372622902326	1
-2.93798919545996	2.23194855411030	1
-1.09079235665410	-7.86382691825546	1
0.853585013695684	-7.63912243748163	1
0.146864552960355	11.0709599962718	1
5.11698187197854	-4.88587616189178	1
-2.24903557127134	3.52033488959098	1
2.63606984401505	-6.83426509215505	1
-3.04447056065175	1.95763894138690	1
-3.44695024676932	10.1709856843032	1
-8.91731280584418	-1.85942413485533	1
-4.15533431870922	-7.08602119540012	1
2.41552224985521	-7.08895801353932	1
-0.989529566687179	-7.91000719621365	1
-5.64049428635617	8.79307019020959	1
5.18559945853775	2.74373211618431	1
-1.78476035157506	3.76985134315695	1
-8.28105550574019	-3.49361759901902	1
-2.10401179967592	10.5783940237492	1
-8.28651023747699	-3.45851646785783	1
-5.39894855530983	9.05262357089151	1
-0.102416982225030	11.1378946718779	1
-1.47521756354401	4.17494742847212	1
-8.97608438101552	-1.86420135510783	1
-3.46342474739396	10.1741225674523	1
-9.36033077874580	1.29824061572359	1
-8.87635578177237	-1.67376607807394	1
-5.69678734909459	8.71688693698605	1
-8.58505847458695	4.87848674115688	1
-5.85465684870734	-6.08868656070018	1
-3.15231370064527	1.97370371372806	1
-9.28135881302101	-0.542877848420520	1
6.12482678161817	0.796179159691104	1
6.36812014161640	-1.82153348112787	1
-9.17132264560202	3.43706053900706	1
-3.18828703939767	-7.39318841211292	1
-8.23847529636207	5.47648261949652	1
0.538778178180599	-7.65962932798046	1
-1.53037457369923	10.7900597279340	1
-1.64538303563143	-7.69495072439090	1
-5.42412841995573	-6.43125708145416	1
2.11892804912183	4.82355142671711	1
-5.99093279429535	-6.03389762750543	1
6.45633106075007	-0.970916414787319	1
-6.85969221530472	7.67501249948257	1
-8.34748573723202	5.33683697238332	1
-2.59398133764017	-0.830089148937851	1
-5.55761270813329	-6.47956978378327	1
-3.04258740817579	2.09243165032829	1
-8.37497456878158	-3.02925142167714	1
0.247615404627792	11.0978549228671	1
-1.65259592971008	10.8048139300877	1
6.45036219404638	-1.11876750820262	1
3.11151511992967	4.45026740852093	1
-5.63572051331189	8.86020978139101	1
-7.65954195829796	-4.22115641900038	1
-1.51768483744981	-7.72342756797299	1
-4.56058282920013	9.52504800919696	1
6.36303824514528	-1.82899682347799	1
6.31471103785000	0.0441037741946278	1
-9.25260080199122	-0.663336150109533	1
5.99830478129996	-2.97950128000723	1
-1.70788245201391	-7.79989221603653	1
-3.32227284459518	-7.53024646484962	1
6.13279231748790	1.25613962426583	1
-2.42324936320188	3.35707521329306	1
-6.60071224619454	7.94101941506888	1
-5.87478696928139	8.52209273184007	1
-9.14286529129702	-1.35905963547649	1
3.52002585812926	4.27238865414480	1
-4.43789684652039	-6.94402383824489	1
5.01639378189712	2.90874425026313	1
-0.838970242296900	10.9480974583776	1
-8.71299767275334	4.36211107473247	1
-3.21444727984709	0.640699663816365	1
-0.581492721957467	-1.78516050495741	1
4.99491802253648	10.3390486698866	1
-3.07186135746087	1.52084334650532	1
-1.70120504392458	10.8082750420213	1
3.43239276756221	10.8240717406053	1
5.03424764040861	-5.02884140292746	1
-7.41518526815118	-4.52090180229108	1
-9.39175589320128	1.46107932365506	1
-6.64450473323475	-5.45559359152456	1
6.25835836069188	0.834956139354696	1
-8.74920998440671	-2.41374364732643	1
6.24567720879313	-2.14626562625787	1
4.45746431231229	3.52785868776167	1
-5.97491977408280	-5.91008209472164	1
1.65241587632758	-7.45180300673985	1
-3.09405409060687	0.322525507966477	1
3.10786994188837	11.0096210043267	1
-3.12598779979914	1.55756323233034	1
0.502676759140079	11.0485985708832	1
5.63554083420733	2.22385551789443	1
3.12855447774863	4.48189245772000	1
-1.93352997291041	3.75951310136048	1
-1.52237038199355	-7.73793565530344	1
-8.76480382523850	-1.99679953207763	1
0.504788746245112	11.1789649253062	1
-5.85846472011456	8.54936205426639	1
4.12046063392252	3.84201987573089	1
4.53507678575860	3.44924098065041	1
-1.74126496799363	-1.38540861196207	1
-9.00833159672132	3.82980241031196	1
-2.75933152558723	-0.678993453118809	1
2.83936847326640	4.63168182864912	1
-9.32419550824497	0.814158198046604	1
3.56681492343246	4.24566427054305	1
3.86722994943727	4.00912412502578	1
6.46559705830405	-0.540541387387801	1
0.866598311897493	-7.58745339803468	1
-1.86727108277596	-1.40261638573282	1
-7.48644122499180	6.92958863403289	1
-6.38597218027283	8.17658097676068	1
2.07004505217062	-7.29543115160922	1
-5.30982916872140	9.15218346391298	1
5.82373905912705	-3.68165358047960	1
5.19616800446852	10.3900542386215	1
0.244123539600469	-7.75706352880471	1
-9.16389053628102	2.76606592384826	1
4.46708975751906	-5.76318042556762	1
-3.06415080225040	-7.49961431046211	1
-9.31864039701416	1.33261293598319	1
3.17644565046164	-6.67596214122040	1
-9.23102297367615	2.09401311571909	1
3.42270296339177	4.38328578572465	1
-4.98933959560192	-6.78425478582866	1
6.02850907114199	-3.01006875796963	1
1.36431254784406	11.0398270379963	1
-3.88296116696220	9.91439674086605	1
-5.10575462617572	-6.54687621904691	1
-3.31512283772217	-7.41388746864163	1
-3.37784834302039	10.2174624940110	1
-8.81600835472631	3.97302586060687	1
-8.98136894696273	3.68254833363982	1
-7.88228075899829	-4.09468520086927	1
-1.87752328903991	10.6866116390623	1
5.66429027182138	2.26947998105245	1
-1.96689527130781	10.6347615692568	1
-6.71396007977418	-5.32828867424459	1
-9.36643551112145	0.0111691962451608	1
3.90001923327980	10.7315533905644	1
-1.41452509481438	-7.78547073028717	1
-9.25880676760354	2.68051109510113	1
-6.82063103533750	-5.34531279247683	1
1.97137259130699	11.0064795954078	1
-5.18537259491499	-6.58430452333274	1
6.42149700940704	-2.09066740483366	1
-4.98398368311598	-6.80797043995366	1
1.15426684486201	11.0934194829922	1
-5.76334654229941	-6.11273534479959	1
3.43085444067344	4.33047313041911	1
-7.46332890052759	-4.40039719488450	1
0.772709464957335	-7.68345517627907	1
-9.43272246299367	1.68718847331611	1
6.49248772169059	-1.09463979162155	1
4.30005389132632	-5.61126663027299	1
-6.62562499281930	-5.53993094002327	1
1.49254503971686	4.97389740529748	1
6.16253548451230	0.925756235007202	1
-5.14570325052848	9.21370498064824	1
2.50437750472130	11.0845044472541	1
4.29337461201107	10.7513962275138	1
2.44150828378181	11.0613015008704	1
2.66001917429485	10.9357722360962	1
-4.15855250520619	9.75976430591679	1
-7.74889555024271	6.39753966896862	1
6.34227592386374	-0.430171227522367	1
-2.49553083891080	-7.72602245828758	1
0.217764616966721	-7.84634649051947	1
-8.00705202847484	6.18306032088666	1
-4.51143084505618	-6.92225069397504	1
2.34906795207885	-7.12949155841299	1
-4.38582739355322	9.64137080514946	1
-7.21062588897408	7.17102765761704	1
1.82463943248985	-7.30931067699988	1
-1.07369056722105	-7.80692978277909	1
-0.220730988840799	11.0328430658201	1
-7.94202288013525	6.27101284355314	1
-9.01418929479822	4.03481937927801	1
-8.39419386350262	5.18403985654238	1
0.376898916969615	4.84910941224763	1
-8.35434312720631	-3.25469569913150	1
5.70166991355534	-4.02873938928942	1
-1.01641225127111	4.51420231002559	1
-7.87331193900491	6.29833921983304	1
5.23642069195125	-4.76103010329832	1
4.81520704055165	-5.18495929719013	1
-9.36793450436272	1.17677302634147	1
-9.21816210270668	2.59553809290454	1
-4.44489718388320	-6.93220607747607	1
-8.14080535838348	-3.65526653333752	1
-2.62387553731948	10.5468309990426	1
0.557567173191567	4.99142917038283	1
-2.13285320076399	3.57422617430436	1
-9.33563537187405	2.12450370682454	1
-9.04823271301104	-1.10511743100775	1
5.51176874349907	2.57641291194723	1
-6.87997294835967	-5.38480836441721	1
-7.43498204318475	6.92906887461936	1
-7.81168761905347	6.24789034597520	1
-9.03272217072291	-1.51132576747252	1
2.31779224939075	4.79104703336784	1
5.18877710121554	-4.84706047207275	1
-0.286080934812077	-7.80514468193964	1
-5.67880817496738	8.76330421879901	1
-7.66717914214877	-4.27153488504149	1
-7.92967624281546	6.30942603770702	1
1.68883972281864	11.0394475747928	1
-9.36537742563927	0.0906887003002162	1
6.51854075189950	-0.657145114958649	1
2.94666165987325	4.62226617588727	1
-0.315076016917263	-1.62443119159589	1
4.98842422158155	3.00400761921379	1
6.08038733745520	-2.90556766586768	1
6.11889468839147	-2.77015263618516	1
-9.15018840732560	2.77363783765139	1
3.57783345820765	4.17925812455321	1
-2.15017709138788	-7.68913293957471	1
-1.26195987220703	-1.55608086080651	1
6.20464325377802	-2.38893945004238	1
-3.22349994467634	1.67089432031301	1
-8.42354182359607	5.18060271050011	1
2.79736170884110	-6.84074216377674	1
-4.73925735317021	-6.88028426030654	1
-6.83332874543776	7.73549191876929	1
-1.77653927064716	10.6715750381197	1
-6.64914338623824	-5.59752463637133	1
-9.40529214117488	1.59683994098919	1
-7.79007182781362	6.38315943692587	1
5.70019151584988	-3.74366633362422	1
-8.58916183694860	4.92786192555164	1
-9.36823098904951	1.98316171633815	1
-2.53084191465063	-7.55560456083133	1
3.46835078561674	-6.53510468983271	1
4.53417650790001	10.6312838745814	1
5.19743442590823	10.4322120433626	1
-8.77687485282066	4.34096825174099	1
0.970057283549382	-7.66315429135116	1
-7.23111450402770	7.16434496013439	1
-9.18501847472203	3.42717695466555	1
-7.70601610546659	-4.23350226953566	1
2.52414853672626	4.78238746261293	1
2.98691372080129	10.8992014093710	1
6.50789465167171	-0.459320327133244	1
0.391917961913691	-7.63192771180649	1
3.33540093853168	-6.41931572752835	1
3.89959038388117	3.99432569037831	1
-2.99774670673628	0.0875291119972430	1
1.90647950668920	11.0066114753534	1
-7.59483541802908	6.59987893521388	1
-2.89841109988892	-0.327050298942399	1
-8.88231621884387	3.86092225858045	1
2.27396089501116	4.78489215493003	1
-8.17474942884606	5.75924164014396	1
-6.08561178776843	-5.91474390884215	1
4.75674613622267	10.5136729822957	1
-1.89968362631052	-7.81315622479167	1
-7.32526059567967	7.06688154306430	1
-3.18509720163230	1.66942306512004	1
2.25544714280629	10.9856418873500	1
-8.26639635077846	-3.29872982092210	1
4.64935071864875	-5.28858554038288	1
2.01564066758719	4.80879132961387	1
-9.29166833442322	1.08209441495422	1
-7.35162034386815	7.04134269908992	1
-0.881678224533023	4.51220784910896	1
4.47192883641872	3.55316413274859	1
0.900030903298222	-7.55555370581530	1
-2.57242287180050	10.4556920417362	1
4.96447783177672	10.3766544548273	1
-7.40055537271562	6.88514682034563	1
-1.52628114752012	-1.56356993032856	1
0.421726746987454	11.2048624081298	1
-3.00241945889436	0.354784683073036	1
0.146797994049851	11.1319373187514	1
-0.549102856789268	-7.75500398804167	1
-7.65217574926349	6.74484395770041	1
-0.889077217735931	4.42209949170435	1
4.45139872265833	3.51919715874372	1
-3.12218541608346	-7.41718825794803	1
-3.24406899623247	1.38978575717766	1
0.620506594750135	-7.60687810985666	1
-7.21509281159305	7.16386117039142	1
-9.42699652503882	1.97712846569508	1
2.87074937218740	-6.90019054901718	1
-1.91820073245666	-1.32540679577323	1
6.06321648567395	-2.92005919567467	1
-6.20112597174156	8.30710635770920	1
3.40784025428134	-6.51984803581675	1
1.43569093441778	-7.40759281959094	1
-1.59235081402072	3.98849623926772	1
-9.18828162933953	-1.18735381095849	1
-9.36136542424224	-0.0138685792602068	1
-1.95348818644905	-7.71773651942629	1
-6.90125527682662	7.52399628893965	1
-1.01730719926394	10.9931916539214	1
-7.16699492148219	7.20630594298530	1
-7.58958041345035	-4.30907471686404	1
2.34451374104446	11.1699158079697	1
1.16604978813964	-7.48671909127722	1
-9.41269943350031	1.92539277337008	1
-8.63550245337729	-2.59190366949455	1
-3.07244250641054	10.2440973191299	1
-5.84443192904825	-6.16512424053204	1
-7.90388303240942	-3.89823749047513	1
-3.31156511731236	-7.36311839829764	1
2.94873244086490	4.42091886149432	1
-0.623301452419164	10.9651487607248	1
-1.83903655519731	10.7194027085443	1
-8.58814692599089	4.72787426458462	1
3.19905878578046	-6.70006129874199	1
2.79777552230079	-6.88344832385771	1
-3.12640754065328	1.07766443524872	1
-1.51300245708526	4.16270132746777	1
-6.45974007028664	-5.63452713620279	1
-2.93858414551950	2.33508279023611	1
0.119695186707660	4.83613854352160	1
6.49811389438648	-1.64200258181338	1
1.62114333966551	-7.39109835877454	1
-5.27697174693460	-6.60206935709654	1
4.23005599979577	-5.82471066758047	1
2.54400260061822	10.9936955052435	1
3.07595617147630	10.9983616791114	1
-2.73223635480719	2.89671101526873	1
5.04584221492750	10.3331732196161	1
4.94272078075666	3.22069631769461	1
3.96371329340357	-6.01624566540224	1
-3.32288408993125	10.2865681770533	1
-8.94109453128201	3.96724600737264	1
-2.52246230108740	3.11447732086304	1
-6.28298819228141	8.13782293688452	1
-9.36286651969346	2.51776329980218	1
3.10017090826934	10.9775616622433	1
0.780212924685104	11.0440100655337	1
4.50591190124402	10.6530548362046	1
-3.42075884590780	-7.49722131863196	1
-8.52949637545237	5.01524452826175	1
3.78912071823519	10.8753104735274	1
-0.717727914107392	-1.66592704801138	1
-5.67314662143523	8.79604394802689	1
-2.66873177707658	2.71145778853466	1
5.84317872050160	10.1616928979597	1
-2.35042999372732	-0.900952164163481	1
-7.91254246522421	-3.84257044263007	1
-6.74425756644066	-5.39394682989560	1
5.15053936307205	-4.90056001391416	1
-7.78639829079358	6.20439459824084	1
6.37029129933815	-1.95395229150984	1
5.52236936676190	-4.09277949508237	1
5.26014068810643	2.83248588275760	1
-8.30503283060126	5.31403093931687	1
4.80570108019295	3.40426856442794	1
0.167824825429624	11.0915706044675	1
5.61832072402209	-3.89315401473438	1
-6.59162510157928	-5.38205612396360	1
-4.56779534881256	-6.94692572724640	1
-8.58675360984144	4.72989442200388	1
6.53429220957804	-0.482318608831255	1
-3.10634273507435	10.2585148296424	1
-7.73037515837846	6.61557272758521	1
3.39107690251417	-6.60657287849170	1
1.64156964085660	4.83208946227977	1
-5.99367375439224	-5.92716974693313	1
4.80491971247887	10.4340586123752	1
-2.92204167971036	0.0236807907379178	1
-2.78993168492898	10.3920703185696	1
-8.70688759865895	4.54634553787516	1
5.36643045247702	2.73235975484140	1
-4.50579082382791	-6.89145136492492	1
-9.32814368056308	0.424242045845709	1
-8.75125920757438	4.49056586962654	1
1.54357082410044	11.2289886771985	1
-1.20399642383448	10.9543307589382	1
4.16671002894903	-5.96205222309148	1
1.53320868229396	4.84601103805690	1
0.447499068068448	4.91592664800028	1
4.20224309647460	10.7961231084025	1
3.40616994465357	10.9858956383621	1
-4.20622889442647	9.78527289717976	1
4.90560317154274	10.5411858791911	1
6.01243035166530	-3.17496861222980	1
-3.92744061687581	9.87106062999457	1
-5.80143753601957	-6.07905860225081	1
-5.28044711371583	9.06856760796774	1
-9.14099559334867	-0.656351980715813	1
-2.83464564631034	10.4223165439610	1
0.195272994005202	-7.65467024964858	1
5.31509105548924	10.4203018758701	1
6.34892800457294	0.387791253046263	1
-9.08480486365909	2.94778350566612	1
-5.13220319905850	9.18210104993285	1
-8.78063721042935	-2.07980734119761	1
5.69631132333645	-4.02521220808550	1
-8.19174064646117	-3.41530710549983	1
-5.90712651488161	-5.92763549706191	1
5.58236432733085	2.28946578154807	1
-6.72178724248420	7.71804635954296	1
6.23942323701763	-2.64414761492955	1
-3.64263919404002	10.1915828865115	1
6.25171939800315	0.725136390872699	1
-5.93512850251611	-6.14860820833158	1
-8.81628126370261	4.25337003469113	1
5.71806810042853	10.1822475318555	1
6.15469365947673	-2.94150425901876	1
-9.35494594342722	0.783964374075586	1
3.87785181740506	4.12825840673536	1
-4.18920925024186	9.72577480461250	1
-1.96453681423464	10.7585377790680	1
-0.475174782956074	11.0992445977522	1
2.90976302783505	11.0712300854276	1
2.72869996921536	-7.01950441758861	1
-9.26294382399922	2.62292770555888	1
4.58394990886697	-5.40388057040573	1
-4.97157304241235	9.34692425007708	1
-0.921767426435761	-7.83639221424446	1
-8.01794352300409	-3.71973334677405	1
2.50200804522111	4.68679194137585	1
-2.48098694890983	10.4168461646952	1
-4.90475780307180	-6.79050731808349	1
-9.31745305131488	1.17584667006357	1
-9.19099861377534	2.87363154204125	1
6.11619421674986	-3.05904201779559	1
-5.32293151928892	8.99440328492287	1
-3.55184116744538	10.1769761358443	1
-6.44673584422286	-5.59429950578807	1
0.427560865264408	11.0875830615192	1
4.28636049787578	3.74284013209655	1
-0.855367050627664	-7.88486938841375	1
-3.11189680580825	1.92003160936483	1
0.128487796856145	-7.68921958410545	1
5.68155934001651	10.0492859679579	1
-3.72891087356821	-7.25502060840621	1
-1.14452551929479	-7.87759589909186	1
-8.99892991356747	3.94368073783404	1
-3.02914576901295	2.22280749166452	1
2.81898448652239	-6.95901769602175	1
-7.20536538247138	-4.91018768737708	1
-4.98857064240051	-6.73134674445153	1
-9.44368762925194	1.27314358620550	1
2.97679134169321	4.51181534333748	1
-0.176455146313916	-7.87158249757201	1
-9.29726135626058	0.801075605376872	1
5.28513323527412	-4.63089048409259	1
-9.16036098037043	-0.522153529914669	1
3.69035483630009	10.9211875900771	1
1.96925554569607	11.1638734845634	1
-8.07564428662496	5.94655082114160	1
5.08387512568404	2.96690213353737	1
-5.97160028895503	8.61054050506317	1
-2.86005671661353	-7.53130180748130	1
3.21083294030273	10.9994469252719	1
-9.28879980174920	-0.585760131497471	1
6.37253136521585	0.592774522488826	1
4.77426543827323	-5.31259126056703	1
4.58179012247424	-5.51406709506388	1
5.92727448381774	-3.34804005125634	1
-6.51568467937596	8.11790512661025	1
3.78523087229868	-6.26618930227873	1
5.70669551822428	2.02801124312692	1
-8.96022880074392	-1.50917978910736	1
-3.87708249160176	-7.31134829975926	1
-2.94916038714515	-0.206162952820859	1
5.85039694395103	-3.44641651521573	1
-3.20705628547565	1.43621988363270	1
-6.53805954328513	7.82321673603043	1
3.26296521303690	10.8769780375851	1
-5.76282465449150	-6.23823242714110	1
-8.10034632979547	-3.63731421174955	1
-2.87005023390889	10.4854189619202	1
-2.72667389450860	-0.554336939479161	1
4.42831724072137	3.69472007843985	1
-9.29327551818247	1.93017014138495	1
-7.55736116613935	6.66494148218134	1
-9.31468844596700	0.195855953461574	1
2.45418915033650	11.1320658042623	1
0.600626432681438	-7.62473007891310	1
-7.93206742367754	-3.65616438175838	1
3.57734366958460	10.8440849603736	1
0.156568814922951	11.1113785014023	1
-3.13546772218871	0.629338607226286	1
2.90142795337567	-6.86362056139434	1
-7.68363732901184	6.66562745629221	1
-0.368616674832517	-1.68978172651755	1
-1.81144586639400	10.6538794693690	1
-5.83334794526099	-6.21062655035816	1
-0.949580081491134	4.44299034788928	1
-2.48827523720213	-7.69839316547392	1
-5.36182031867116	-6.38701484257941	1
2.12475995986891	-7.21420085574255	1
-3.37464335432439	-7.38157312319914	1
-0.213436922684749	11.0415245828532	1
4.35161213851978	-5.77137254728189	1
3.65258447225872	10.8053832703580	1
-9.05950323614446	3.79376346571484	1
0.0663468890171453	11.1135883597092	1
6.19548922720825	1.08009876200367	1
-5.28379519101915	-6.52195872404277	1
-8.27345795146133	-3.11372296941189	1
-0.999870189103585	4.37323525334184	1
-5.36354212671559	-6.35605537649214	1
-2.02808680603146	10.7091045953923	1
-2.78933009964942	2.63461438461989	1
-9.37040108795143	1.15147187953075	1
5.19046791309579	10.3111014088856	1
-6.92664453503139	-5.01603841276751	1
5.19344719904098	-4.72999534542311	1
-8.88635177653597	-2.07135139170648	1
-7.57779790983387	-4.37439581539919	1
0.557810743902783	4.85508791449127	1
6.26434604600515	0.803565200309839	1
-9.27254968941790	2.75648133994583	1
-8.93840543101850	-1.76408659892994	1
3.25476349568184	-6.57699664608889	1
4.71925924453027	10.5474372161572	1
-9.40940343428368	1.37442832692384	1
6.43522750852214	-0.278524819338743	1
-4.19070640083870	-7.06718180092092	1
-8.51271594673542	5.11883705688385	1
-9.28781624998555	3.06257138098574	1
6.37507296907106	-1.32733331611229	1
-9.29734900961158	1.64229579281588	1
3.86313481049117	-6.17147605329329	1
-3.43079314891626	-7.48822784510726	1
-9.31380964449792	2.87239588988518	1
-8.79031429353221	-2.33750640208039	1
-8.41261783003046	5.17039192190937	1
1.18885487428535	-7.53263195726804	1
-7.14187650006609	7.30756758622374	1
-2.53945653629536	-0.858996753739219	1
5.57251828267762	2.34359498791209	1
4.35642205378536	10.6622043007988	1
-0.814670306980305	4.56411432524552	1
-9.30302292733735	2.42339724419742	1
1.29669440974114	11.1744208704798	1
-2.03690439784985	10.6411300894946	1
0.990381931840691	11.0421263252539	1
5.02133667302382	10.5014421252762	1
2.65049115530165	-6.89577709839291	1
3.91561406951721	-5.97383351068253	1
1.73970594721464	4.85831113691013	1
5.85932745688892	1.54503817175351	1
-9.32973977591693	1.95383338972019	1
3.96563447463097	-5.98998398388779	1
3.43381476232693	-6.45004072974195	1
-9.44493601591385	1.45169999996605	1
0.389547476423750	4.87798734786942	1
-2.63484177177010	2.80622805662210	1
-5.10392572793299	9.29146317873376	1
-5.59770331709364	8.72459768182685	1
1.04553423123728	-7.65589709935963	1
-8.92496401555492	-1.63273909004748	1
6.37553833176129	-0.733897509959884	1