1.397214 1.389647 1.376398 1.354419 1.338952 1.339441 1.355731 1.364693 1.358666 1.33804 1.322991 1.312149 1.306585 1.307959 1.31246 1.316257 1.308174 1.312221 1.325292 1.339131 1.348734 1.332284 1.308368 1.293937 1.273979 1.28365 1.302221 1.281929 1.235576 1.147917 0.799931 0.304673 0.187649 0.144713 0.127274 
1.397307 1.387188 1.356561 1.323721 1.316344 1.321763 1.336814 1.346399 1.342291 1.318515 1.28948 1.266612 1.263458 1.271549 1.27869 1.28906 1.286484 1.28321 1.2883 1.292509 1.297027 1.28403 1.257249 1.232535 1.210007 1.216285 1.241096 1.220002 1.170708 1.017556 0.482076 0.212132 0.165345 0.124083 0.104957 
1.382965 1.368123 1.308279 1.279906 1.282188 1.291916 1.302385 1.298464 1.282837 1.258265 1.219813 1.197715 1.19966 1.224473 1.237989 1.246269 1.227349 1.189505 1.178966 1.193052 1.212636 1.212759 1.191439 1.173538 1.158608 1.150908 1.137861 1.091657 1.050184 0.825426 0.280901 0.161302 0.133689 0.091849 0.073871 
1.355907 1.333397 1.259078 1.227277 1.219959 1.22429 1.238359 1.234378 1.212147 1.182204 1.157507 1.145691 1.136132 1.137938 1.133175 1.108429 1.063202 1.042684 1.05554 1.089159 1.107694 1.097877 1.090837 1.099764 1.094913 1.075402 1.023218 0.976258 0.950717 0.715285 0.197696 0.109782 0.084432 0.052502 0.041176 
1.321623 1.28745 1.221105 1.182416 1.164338 1.157006 1.162163 1.154019 1.123741 1.098484 1.093152 1.085974 1.062342 1.01973 0.986492 0.968954 0.960737 0.96605 0.983175 0.995363 0.970329 0.945961 0.958554 0.983059 0.971467 0.915743 0.863924 0.882698 0.878184 0.640223 0.143208 0.066298 0.047573 0.024864 0.016268 
1.276066 1.244261 1.20008 1.163402 1.140861 1.123247 1.101036 1.07867 1.063414 1.048939 1.030833 1.019124 1.004906 0.972468 0.94614 0.930461 0.91589 0.912771 0.914037 0.889119 0.859185 0.854696 0.865959 0.86866 0.842652 0.798523 0.771372 0.795492 0.735212 0.317711 -0.05414 -0.051034 -0.077543 -0.112324 -0.132988 
1.254057 1.224525 1.182932 1.142177 1.113597 1.087149 1.058878 1.043287 1.032651 1.01845 0.996775 0.980501 0.963553 0.94096 0.922335 0.896064 0.867257 0.848929 0.824129 0.797394 0.793809 0.7965 0.791798 0.772388 0.759915 0.74485 0.710163 0.540757 -0.149435 -0.668681 -0.74245 -0.703091 -0.772243 -0.86529 -0.953723 
1.270079 1.232381 1.164601 1.111315 1.085459 1.056478 1.026585 1.003558 0.985629 0.977995 0.961331 0.939591 0.903096 0.872297 0.862185 0.846576 0.822066 0.793623 0.765127 0.749308 0.741648 0.730623 0.716181 0.707476 0.713199 0.696449 0.488294 -0.233509 -0.78088 -0.885841 -0.920429 -0.978405 -1.051612 -1.141779 -1.21182 
1.286952 1.235078 1.150749 1.101317 1.073083 1.032197 0.995822 0.96927 0.944747 0.932024 0.904534 0.866266 0.830046 0.811475 0.805775 0.803048 0.782505 0.758449 0.74104 0.722743 0.69761 0.672662 0.659908 0.658997 0.659739 0.513016 -0.296107 -0.757643 -0.865621 -0.910775 -0.954322 -1.012931 -1.080004 -1.193343 -1.259347 
1.280852 1.22552 1.157125 1.107598 1.063766 1.009948 0.978627 0.951179 0.90996 0.880989 0.853556 0.820514 0.796115 0.781681 0.765683 0.742626 0.726501 0.721278 0.712679 0.687068 0.657373 0.635778 0.623466 0.604318 0.48491 -0.03277 -0.697932 -0.830275 -0.877054 -0.921855 -0.977405 -1.037957 -1.11331 -1.246794 -1.311045 
1.293402 1.242895 1.169327 1.105334 1.058247 1.003058 0.960139 0.918275 0.876555 0.845232 0.822807 0.798899 0.775629 0.753704 0.719944 0.680407 0.670213 0.669612 0.650132 0.613133 0.595278 0.588419 0.546138 0.339192 -0.219447 -0.561218 -0.743404 -0.841257 -0.882826 -0.921503 -0.990068 -1.0694 -1.170093 -1.29414 -1.341783 
1.307718 1.256045 1.17093 1.097017 1.058568 1.000459 0.935947 0.897186 0.86183 0.82673 0.803346 0.779643 0.753571 0.729736 0.687813 0.64549 0.629455 0.618182 0.591357 0.559403 0.541792 0.481097 0.179549 -0.293939 -0.562877 -0.638015 -0.724807 -0.834146 -0.885887 -0.922569 -1.009765 -1.110987 -1.21136 -1.306373 -1.343442 
1.31866 1.260387 1.170326 1.096097 1.056648 1.001643 0.928629 0.886047 0.84353 0.802944 0.773631 0.745629 0.723686 0.701566 0.643729 0.597126 0.5735 0.555409 0.531988 0.488141 0.424158 0.157909 -0.383265 -0.561255 -0.620004 -0.662081 -0.735382 -0.828994 -0.88587 -0.92997 -1.02607 -1.11959 -1.202303 -1.289038 -1.334115 
1.328013 1.258879 1.162054 1.097952 1.051406 0.997407 0.917984 0.864604 0.823389 0.771186 0.730931 0.699883 0.666479 0.630012 0.582207 0.556386 0.531692 0.495881 0.405571 0.15486 -0.106546 -0.3997 -0.582395 -0.622597 -0.652354 -0.69701 -0.769281 -0.839163 -0.890286 -0.952507 -1.03643 -1.107333 -1.181581 -1.276633 -1.338772 
1.311868 1.243547 1.147296 1.084214 1.024582 0.972856 0.908484 0.850624 0.806004 0.733884 0.690836 0.659491 0.610344 0.574846 0.54705 0.526028 0.462635 0.310125 -0.019733 -0.361821 -0.472325 -0.547364 -0.615142 -0.646334 -0.680067 -0.744448 -0.823173 -0.863149 -0.905617 -0.98057 -1.034782 -1.094221 -1.18223 -1.297976 -1.363488 
1.266076 1.207049 1.128195 1.059159 0.9943 0.942748 0.895867 0.840925 0.777413 0.70372 0.662242 0.623818 0.571555 0.543539 0.505623 0.362751 -0.05095 -0.331984 -0.461934 -0.517044 -0.54091 -0.590083 -0.645018 -0.671627 -0.710521 -0.782102 -0.842476 -0.873599 -0.916592 -0.989411 -1.036494 -1.103263 -1.211292 -1.333465 -1.38397 
1.208012 1.170861 1.111511 1.043119 0.978197 0.919607 0.87682 0.811528 0.746574 0.697399 0.645479 0.592282 0.542459 0.502987 0.345735 -0.150227 -0.492486 -0.54085 -0.550553 -0.56974 -0.604556 -0.651894 -0.682445 -0.698957 -0.734633 -0.785506 -0.831723 -0.880402 -0.943326 -1.00698 -1.062088 -1.128438 -1.20723 -1.320413 -1.382154 
1.196772 1.164729 1.104113 1.039297 0.974916 0.909419 0.855215 0.770053 0.722938 0.690991 0.616974 0.501263 0.360044 0.109032 -0.321456 -0.538859 -0.581804 -0.588713 -0.598617 -0.62311 -0.655639 -0.683264 -0.698267 -0.712994 -0.753229 -0.792262 -0.828339 -0.913919 -0.982582 -1.025781 -1.085546 -1.138591 -1.193917 -1.2788 -1.341457 
1.226124 1.187983 1.107115 1.02788 0.966421 0.902761 0.828125 0.745354 0.707147 0.6611 0.482084 0.069007 -0.347476 -0.543312 -0.60784 -0.61425 -0.617048 -0.626836 -0.640535 -0.659215 -0.686405 -0.705728 -0.716831 -0.740252 -0.784147 -0.814786 -0.854464 -0.948436 -0.998388 -1.039062 -1.104025 -1.149421 -1.198544 -1.257715 -1.301305 
1.274579 1.23115 1.116475 1.006418 0.949011 0.884332 0.803242 0.742078 0.68684 0.520004 -0.00103 -0.430925 -0.603382 -0.637219 -0.640693 -0.646517 -0.658625 -0.673283 -0.688794 -0.70577 -0.73182 -0.746368 -0.75826 -0.783679 -0.811761 -0.84394 -0.897998 -0.9741 -1.012556 -1.055065 -1.12216 -1.16215 -1.200768 -1.242593 -1.28061 
1.320675 1.265624 1.134403 1.009058 0.933227 0.859621 0.784219 0.716744 0.57356 0.045264 -0.526022 -0.650026 -0.674981 -0.677657 -0.681611 -0.703706 -0.730538 -0.749093 -0.757274 -0.761907 -0.77095 -0.783545 -0.809278 -0.833699 -0.85196 -0.905135 -0.962219 -1.007582 -1.034971 -1.072655 -1.129399 -1.166887 -1.199865 -1.233805 -1.269829 
1.331378 1.269174 1.143569 1.022328 0.932256 0.844981 0.725009 0.498477 0.090461 -0.448923 -0.670096 -0.708775 -0.727907 -0.743198 -0.748175 -0.768957 -0.801438 -0.818436 -0.81788 -0.81783 -0.816672 -0.821025 -0.846488 -0.870733 -0.908238 -0.980746 -1.011761 -1.036078 -1.06015 -1.089951 -1.126847 -1.163605 -1.20814 -1.253497 -1.290462 
1.30132 1.225791 1.117416 1.023903 0.939269 0.746525 0.19779 -0.419119 -0.629562 -0.704888 -0.738769 -0.758621 -0.773499 -0.782117 -0.787092 -0.806716 -0.837279 -0.857257 -0.865247 -0.866455 -0.869441 -0.873394 -0.884255 -0.909698 -0.960571 -1.015971 -1.036852 -1.059198 -1.084109 -1.105727 -1.128346 -1.164853 -1.224524 -1.286327 -1.323955 
1.232354 1.159529 1.079531 1.00532 0.861712 0.132768 -0.658225 -0.835703 -0.84972 -0.846117 -0.84992 -0.851562 -0.842336 -0.837409 -0.847456 -0.856265 -0.86758 -0.88524 -0.896858 -0.901433 -0.904503 -0.915696 -0.9547 -0.995947 -1.023699 -1.049773 -1.06665 -1.084822 -1.103118 -1.11874 -1.143964 -1.188195 -1.24441 -1.302766 -1.338417 
0.898339 0.951226 0.893731 0.763996 0.394352 -0.637943 -0.898439 -0.921542 -0.936663 -0.952757 -0.953557 -0.935535 -0.91585 -0.909456 -0.909267 -0.913426 -0.933239 -0.949846 -0.963135 -0.98772 -0.985656 -0.987884 -1.055927 -1.090505 -1.09082 -1.092241 -1.099337 -1.111972 -1.126284 -1.149607 -1.186165 -1.215821 -1.252186 -1.301383 -1.338422 
0.274941 0.323352 0.291961 0.215942 -0.029094 -0.794064 -0.97221 -0.998698 -1.021339 -1.029698 -1.025636 -1.005711 -0.973804 -0.962126 -0.963696 -0.987339 -1.035159 -1.063014 -1.083553 -1.103658 -1.100807 -1.107909 -1.138536 -1.147627 -1.156049 -1.152718 -1.14316 -1.146758 -1.164946 -1.201491 -1.223102 -1.230963 -1.257785 -1.312941 -1.351124 
0.195525 0.183442 0.15411 0.127642 -0.050018 -0.808468 -1.028187 -1.059108 -1.081649 -1.090781 -1.085661 -1.070915 -1.043549 -1.040522 -1.056936 -1.075862 -1.109236 -1.149663 -1.177539 -1.187685 -1.198314 -1.202977 -1.193993 -1.19084 -1.196615 -1.195169 -1.190664 -1.195103 -1.212316 -1.233273 -1.242641 -1.249572 -1.274611 -1.343753 -1.370372 
0.176899 0.1551 0.125203 0.098349 -0.137914 -0.930949 -1.103939 -1.128239 -1.146644 -1.149205 -1.143209 -1.144738 -1.155467 -1.162141 -1.162749 -1.16646 -1.20157 -1.244163 -1.266676 -1.269565 -1.277497 -1.275128 -1.252555 -1.233348 -1.224442 -1.219416 -1.222101 -1.235921 -1.254981 -1.26696 -1.268711 -1.270453 -1.290762 -1.362844 -1.380903 
0.137231 0.11545 0.0831 0.043675 -0.263723 -1.043957 -1.187417 -1.231945 -1.268682 -1.259423 -1.251786 -1.273846 -1.285349 -1.268448 -1.26077 -1.283885 -1.303941 -1.307788 -1.316988 -1.325096 -1.335827 -1.340048 -1.321836 -1.290288 -1.266627 -1.250448 -1.245044 -1.26191 -1.291124 -1.312616 -1.318254 -1.308559 -1.318907 -1.388402 -1.401057 
0.100199 0.085062 0.053463 0.013876 -0.266534 -1.067915 -1.238075 -1.295136 -1.343622 -1.347081 -1.332193 -1.332112 -1.329354 -1.318611 -1.319702 -1.340892 -1.34278 -1.339221 -1.348168 -1.365615 -1.381834 -1.383507 -1.367622 -1.334196 -1.309316 -1.288765 -1.266123 -1.286961 -1.319244 -1.340639 -1.35595 -1.357925 -1.372912 -1.41669 -1.420924 
