0.17921 0.14077 0.096206 0.023747 -0.043466 -0.085306 -0.130411 -0.157599 -0.19314 -0.254403 -0.28878 -0.311571 -0.359053 -0.428876 -0.494442 -0.545158 -0.604386 -0.691402 -0.744288 -0.798262 -0.900364 -0.983411 -1.055091 -1.125581 -1.204745 -1.305045 -1.38597 -1.440388 -1.480225 -1.529852 -1.739866 -2.087989 -2.233818 -2.331113 -2.367185 
0.210218 0.163545 0.089639 0.015066 -0.045351 -0.081731 -0.114729 -0.142977 -0.180934 -0.252431 -0.285075 -0.2989 -0.348899 -0.435954 -0.491425 -0.540885 -0.597911 -0.667705 -0.729415 -0.790679 -0.888131 -0.979966 -1.052124 -1.117636 -1.182491 -1.253634 -1.344182 -1.419129 -1.460436 -1.565751 -1.91039 -2.100071 -2.182586 -2.287004 -2.336123 
0.262558 0.215715 0.087067 0.025002 -0.023092 -0.061664 -0.090084 -0.114133 -0.141134 -0.222726 -0.270602 -0.278987 -0.321741 -0.421042 -0.473593 -0.521288 -0.589124 -0.649107 -0.70622 -0.768933 -0.851927 -0.949534 -1.033393 -1.102817 -1.158486 -1.207576 -1.287322 -1.376547 -1.416091 -1.595797 -2.005711 -2.099833 -2.147253 -2.229181 -2.275868 
0.305451 0.277039 0.153779 0.092537 0.058353 0.017032 -0.034054 -0.080282 -0.100067 -0.158613 -0.245728 -0.263024 -0.289744 -0.376125 -0.435571 -0.479996 -0.560904 -0.620261 -0.665484 -0.721139 -0.79682 -0.890285 -0.973137 -1.053198 -1.110988 -1.154241 -1.237253 -1.32027 -1.354553 -1.559575 -2.003456 -2.082078 -2.121871 -2.18725 -2.222285 
0.313879 0.290277 0.218224 0.161587 0.135096 0.108539 0.053482 -0.034895 -0.059894 -0.09024 -0.192131 -0.239021 -0.263428 -0.330897 -0.391206 -0.435861 -0.513618 -0.578113 -0.624737 -0.676999 -0.741839 -0.807738 -0.875679 -0.965236 -1.026759 -1.0587 -1.147094 -1.251158 -1.300305 -1.513259 -1.975672 -2.05954 -2.096886 -2.160878 -2.20094 
0.312891 0.291727 0.25549 0.201176 0.166422 0.148411 0.119276 0.020873 -0.032083 -0.056731 -0.127251 -0.188871 -0.229275 -0.305152 -0.371279 -0.410979 -0.471233 -0.531955 -0.581866 -0.637431 -0.695195 -0.744204 -0.798781 -0.889165 -0.953787 -0.993983 -1.064838 -1.173921 -1.266506 -1.452744 -1.849278 -1.980246 -2.01392 -2.068651 -2.112931 
0.335133 0.310865 0.286864 0.252422 0.215685 0.187025 0.161386 0.07847 -0.010288 -0.043745 -0.100159 -0.150818 -0.187403 -0.255572 -0.338665 -0.387976 -0.42761 -0.476835 -0.536447 -0.596685 -0.650543 -0.699809 -0.750223 -0.835046 -0.895562 -0.945242 -1.007052 -1.091242 -1.220879 -1.297466 -1.403598 -1.534125 -1.580748 -1.61427 -1.643796 
0.426072 0.390253 0.345512 0.315471 0.286619 0.243342 0.202832 0.140677 0.039313 -0.01312 -0.067747 -0.119473 -0.147745 -0.179501 -0.262407 -0.360746 -0.40624 -0.447042 -0.501025 -0.558596 -0.612548 -0.665443 -0.716282 -0.787914 -0.84448 -0.896571 -0.980225 -1.096538 -1.196544 -1.242592 -1.279596 -1.333218 -1.395226 -1.466094 -1.515539 
0.52869 0.511577 0.458959 0.395123 0.34805 0.313488 0.280905 0.215746 0.10628 0.035899 -0.016505 -0.061496 -0.100412 -0.12847 -0.188872 -0.320845 -0.399131 -0.44131 -0.482661 -0.534661 -0.593726 -0.644915 -0.686223 -0.739453 -0.789797 -0.84916 -1.006982 -1.097224 -1.15214 -1.196906 -1.240194 -1.287349 -1.346955 -1.446218 -1.5038 
0.589587 0.570319 0.518688 0.464939 0.416752 0.377674 0.347578 0.301053 0.209024 0.131241 0.051134 -0.011915 -0.060687 -0.097982 -0.144755 -0.256569 -0.362426 -0.412838 -0.455117 -0.509382 -0.578737 -0.635476 -0.664347 -0.696492 -0.74031 -0.822559 -1.001167 -1.064078 -1.103203 -1.14966 -1.205802 -1.257313 -1.308354 -1.398688 -1.452136 
0.656557 0.631512 0.584655 0.547048 0.507778 0.438708 0.3908 0.359662 0.307064 0.233697 0.140212 0.045704 -0.015206 -0.059174 -0.110713 -0.190469 -0.279708 -0.337879 -0.396197 -0.459971 -0.523094 -0.60733 -0.642586 -0.649361 -0.66465 -0.722133 -0.884795 -1.005939 -1.048271 -1.088564 -1.158673 -1.224194 -1.277856 -1.341799 -1.374972 
0.698989 0.682229 0.645548 0.61432 0.592184 0.516222 0.433461 0.38865 0.338373 0.273927 0.199224 0.114755 0.045635 -0.011727 -0.083427 -0.152523 -0.213894 -0.266334 -0.342065 -0.423643 -0.46951 -0.542344 -0.587289 -0.583239 -0.616551 -0.670405 -0.773358 -0.90786 -0.967769 -0.999554 -1.068454 -1.140148 -1.197723 -1.262833 -1.297969 
0.763107 0.738033 0.700703 0.665735 0.64792 0.589433 0.488596 0.429761 0.365207 0.304419 0.256748 0.193379 0.122291 0.045054 -0.055962 -0.117099 -0.158222 -0.20452 -0.287057 -0.382852 -0.417192 -0.448929 -0.494578 -0.532748 -0.581186 -0.63917 -0.723287 -0.820426 -0.881296 -0.925312 -0.99596 -1.060521 -1.113112 -1.176714 -1.213595 
0.843464 0.803439 0.755061 0.717881 0.693094 0.653979 0.560408 0.497358 0.433934 0.354508 0.313833 0.267767 0.206521 0.135484 0.000576 -0.084274 -0.123676 -0.15516 -0.201694 -0.26282 -0.263337 -0.300984 -0.396634 -0.461554 -0.52515 -0.595471 -0.678321 -0.750714 -0.809039 -0.863838 -0.926268 -0.992003 -1.046672 -1.099318 -1.122112 
0.884755 0.852536 0.806141 0.773061 0.743223 0.713516 0.639966 0.557639 0.502064 0.418082 0.367433 0.31646 0.244231 0.188006 0.090898 -0.031318 -0.092424 -0.096515 -0.073722 -0.092629 -0.136777 -0.228296 -0.341634 -0.399649 -0.455839 -0.534028 -0.611071 -0.660499 -0.723412 -0.806509 -0.862682 -0.925031 -0.980609 -1.012029 -1.019596 
0.912164 0.892521 0.856301 0.821813 0.783749 0.749231 0.70747 0.643682 0.578448 0.48226 0.418411 0.361736 0.278253 0.21636 0.153025 0.085951 0.070346 0.087346 0.068435 0.000267 -0.073696 -0.169709 -0.276158 -0.337668 -0.394665 -0.478652 -0.562832 -0.609666 -0.664485 -0.753722 -0.801511 -0.839835 -0.886995 -0.925777 -0.939133 
0.965776 0.945124 0.909124 0.867588 0.820715 0.77388 0.736661 0.696113 0.655425 0.576885 0.474552 0.393376 0.317751 0.261315 0.207377 0.212366 0.206102 0.164975 0.121193 0.055572 -0.023202 -0.120399 -0.204814 -0.265764 -0.340444 -0.422685 -0.511367 -0.581142 -0.633118 -0.696741 -0.738201 -0.762517 -0.796297 -0.844812 -0.870604 
1.029679 0.996833 0.951948 0.915344 0.877037 0.823006 0.768419 0.714736 0.687939 0.653791 0.569337 0.462185 0.382868 0.366023 0.359377 0.316734 0.261218 0.205766 0.155463 0.089195 0.005643 -0.090816 -0.166906 -0.22237 -0.299435 -0.36089 -0.426591 -0.529753 -0.588996 -0.64131 -0.695833 -0.727635 -0.750011 -0.771294 -0.78732 
1.08758 1.053299 0.997652 0.964795 0.94624 0.902598 0.841488 0.765389 0.721942 0.69366 0.650694 0.605138 0.543791 0.491287 0.444004 0.375407 0.302241 0.240533 0.187476 0.123307 0.038887 -0.05119 -0.125588 -0.177933 -0.249222 -0.305469 -0.353263 -0.458837 -0.526872 -0.584872 -0.651669 -0.686829 -0.708522 -0.723585 -0.732283 
1.161709 1.145328 1.100795 1.045364 1.016053 0.972435 0.905415 0.836096 0.777716 0.735957 0.708746 0.685388 0.612456 0.522783 0.471534 0.417114 0.346204 0.2842 0.233945 0.169417 0.09297 0.029036 -0.049288 -0.120005 -0.191474 -0.267111 -0.324018 -0.397917 -0.44744 -0.504522 -0.588667 -0.636646 -0.668406 -0.692307 -0.706153 
1.275101 1.268341 1.227605 1.148888 1.091472 1.04239 0.960108 0.878164 0.82298 0.797301 0.775112 0.744505 0.685367 0.58489 0.519773 0.468583 0.401432 0.33934 0.294162 0.227472 0.137942 0.084585 0.023885 -0.039396 -0.103096 -0.193816 -0.253798 -0.31533 -0.358272 -0.410481 -0.502394 -0.580501 -0.628708 -0.648127 -0.647763 
1.380371 1.363663 1.312999 1.238813 1.170582 1.11316 1.035152 0.936191 0.885769 0.859652 0.815552 0.775919 0.732969 0.667263 0.598151 0.520211 0.439721 0.380707 0.334636 0.277655 0.194223 0.115861 0.045481 0.007485 -0.024742 -0.094656 -0.150979 -0.218102 -0.269891 -0.309431 -0.367916 -0.448434 -0.528339 -0.560044 -0.566832 
1.441556 1.422551 1.378127 1.306861 1.233789 1.169544 1.123653 1.082062 1.021079 0.937915 0.86723 0.8127 0.754401 0.693393 0.633274 0.534856 0.443874 0.400344 0.363102 0.310416 0.256836 0.188242 0.083257 0.035573 0.007312 -0.051189 -0.096919 -0.154882 -0.209727 -0.245897 -0.287488 -0.344271 -0.418562 -0.463563 -0.484461 
1.481761 1.457587 1.422163 1.368676 1.299339 1.226985 1.191311 1.156611 1.103459 1.023384 0.950442 0.890865 0.812049 0.722647 0.660012 0.573068 0.461454 0.40997 0.379292 0.330859 0.281935 0.242484 0.156147 0.090538 0.045133 -0.023611 -0.063698 -0.110221 -0.167743 -0.208691 -0.255187 -0.309449 -0.369176 -0.413592 -0.435842 
1.786345 1.656508 1.626888 1.66164 1.588354 1.312176 1.239364 1.204156 1.158337 1.090447 1.027822 0.966125 0.87405 0.760445 0.686659 0.626687 0.525494 0.445067 0.404285 0.363067 0.319855 0.273095 0.198942 0.152423 0.09941 0.005385 -0.038414 -0.071551 -0.122494 -0.16695 -0.216919 -0.278589 -0.340944 -0.384998 -0.404376 
2.453346 2.351313 2.300184 2.312051 2.135636 1.459579 1.294537 1.259104 1.216669 1.150673 1.094016 1.036782 0.909124 0.785394 0.708971 0.639104 0.570227 0.510553 0.448932 0.40248 0.370665 0.312909 0.232047 0.191342 0.151844 0.07553 0.012523 -0.026221 -0.073851 -0.121797 -0.163024 -0.221815 -0.308365 -0.359781 -0.36567 
2.55402 2.513758 2.458369 2.424065 2.255352 1.55006 1.341533 1.298399 1.250569 1.190255 1.14081 1.096805 0.951571 0.808184 0.735432 0.650935 0.590324 0.556336 0.496251 0.433913 0.399774 0.342187 0.268719 0.214041 0.170778 0.127849 0.078102 0.036783 -0.021504 -0.085281 -0.120188 -0.149117 -0.21514 -0.301762 -0.309659 
2.598113 2.555532 2.494658 2.450747 2.235921 1.545904 1.392155 1.349129 1.28186 1.212044 1.162939 1.12155 0.976219 0.837822 0.778432 0.697684 0.620869 0.590157 0.549112 0.469827 0.415824 0.365162 0.301885 0.233397 0.179577 0.144089 0.105404 0.076967 0.03425 -0.032768 -0.080796 -0.112005 -0.150879 -0.238923 -0.257195 
2.660922 2.612188 2.542649 2.490228 2.220432 1.549294 1.438796 1.415292 1.34971 1.25262 1.175271 1.120956 1.000548 0.882723 0.818055 0.734158 0.654693 0.610092 0.573591 0.49801 0.421454 0.375685 0.329149 0.257873 0.193563 0.154394 0.111766 0.087509 0.06324 0.023985 -0.017016 -0.063339 -0.128072 -0.209947 -0.221138 
2.702189 2.654096 2.577887 2.518672 2.26803 1.581366 1.458345 1.439823 1.386956 1.285977 1.17912 1.119901 1.026459 0.915539 0.833287 0.732499 0.670787 0.624993 0.582981 0.505749 0.417974 0.376607 0.340068 0.267631 0.206133 0.172722 0.119495 0.091321 0.075051 0.0468 0.021162 -0.002837 -0.097006 -0.189611 -0.194714 
